Time      Mean      STD       
0.000     10000.000 0.000     
0.000     9999.999  0.034     
0.000     9999.998  0.068     
0.000     9999.995  0.102     
0.000     9999.991  0.136     
0.000     9999.986  0.170     
0.001     9999.979  0.205     
0.001     9999.972  0.239     
0.001     9999.963  0.274     
0.001     9999.953  0.309     
0.001     9999.942  0.345     
0.001     9999.930  0.380     
0.001     9999.917  0.416     
0.001     9999.902  0.453     
0.001     9999.887  0.490     
0.001     9999.870  0.527     
0.001     9999.852  0.565     
0.002     9999.832  0.603     
0.002     9999.812  0.642     
0.002     9999.790  0.681     
0.002     9999.767  0.721     
0.002     9999.743  0.762     
0.002     9999.717  0.803     
0.002     9999.691  0.845     
0.002     9999.663  0.888     
0.002     9999.634  0.931     
0.002     9999.603  0.975     
0.002     9999.571  1.020     
0.003     9999.538  1.066     
0.003     9999.504  1.113     
0.003     9999.468  1.160     
0.003     9999.431  1.209     
0.003     9999.393  1.258     
0.003     9999.353  1.309     
0.003     9999.312  1.360     
0.003     9999.269  1.412     
0.003     9999.225  1.466     
0.003     9999.180  1.520     
0.003     9999.133  1.576     
0.004     9999.085  1.633     
0.004     9999.035  1.691     
0.004     9998.984  1.750     
0.004     9998.931  1.811     
0.004     9998.877  1.872     
0.004     9998.821  1.935     
0.004     9998.764  2.000     
0.004     9998.705  2.065     
0.004     9998.644  2.132     
0.004     9998.582  2.201     
0.004     9998.518  2.271     
0.005     9998.453  2.342     
0.005     9998.386  2.415     
0.005     9998.317  2.489     
0.005     9998.246  2.565     
0.005     9998.174  2.643     
0.005     9998.099  2.722     
0.005     9998.023  2.803     
0.005     9997.945  2.885     
0.005     9997.866  2.970     
0.005     9997.784  3.056     
0.005     9997.700  3.143     
0.005     9997.615  3.233     
0.006     9997.527  3.324     
0.006     9997.438  3.418     
0.006     9997.346  3.513     
0.006     9997.253  3.610     
0.006     9997.157  3.709     
0.006     9997.059  3.811     
0.006     9996.959  3.914     
0.006     9996.856  4.019     
0.006     9996.752  4.127     
0.006     9996.645  4.237     
0.006     9996.536  4.349     
0.007     9996.424  4.463     
0.007     9996.310  4.580     
0.007     9996.194  4.699     
0.007     9996.075  4.820     
0.007     9995.953  4.944     
0.007     9995.829  5.070     
0.007     9995.703  5.199     
0.007     9995.573  5.331     
0.007     9995.441  5.465     
0.007     9995.307  5.601     
0.007     9995.169  5.741     
0.008     9995.029  5.883     
0.008     9994.886  6.028     
0.008     9994.739  6.176     
0.008     9994.590  6.327     
0.008     9994.438  6.481     
0.008     9994.283  6.638     
0.008     9994.124  6.798     
0.008     9993.962  6.961     
0.008     9993.797  7.128     
0.008     9993.629  7.297     
0.008     9993.457  7.470     
0.009     9993.282  7.647     
0.009     9993.103  7.827     
0.009     9992.921  8.010     
0.009     9992.735  8.197     
0.009     9992.546  8.387     
0.009     9992.353  8.582     
0.009     9992.155  8.780     
0.009     9991.954  8.982     
0.009     9991.749  9.188     
0.009     9991.540  9.397     
0.009     9991.327  9.611     
0.010     9991.110  9.829     
0.010     9990.888  10.052    
0.010     9990.662  10.278    
0.010     9990.432  10.509    
0.010     9990.197  10.745    
0.010     9989.958  10.984    
0.010     9989.714  11.229    
0.010     9989.465  11.478    
0.010     9989.211  11.732    
0.010     9988.952  11.991    
0.010     9988.689  12.255    
0.011     9988.420  12.524    
0.011     9988.146  12.798    
0.011     9987.867  13.077    
0.011     9987.582  13.362    
0.011     9987.292  13.652    
0.011     9986.996  13.948    
0.011     9986.695  14.249    
0.011     9986.388  14.556    
0.011     9986.075  14.869    
0.011     9985.755  15.188    
0.011     9985.430  15.513    
0.012     9985.099  15.844    
0.012     9984.761  16.181    
0.012     9984.416  16.525    
0.012     9984.065  16.876    
0.012     9983.708  17.233    
0.012     9983.343  17.597    
0.012     9982.972  17.967    
0.012     9982.593  18.345    
0.012     9982.207  18.730    
0.012     9981.814  19.122    
0.012     9981.414  19.522    
0.013     9981.005  19.929    
0.013     9980.589  20.344    
0.013     9980.165  20.766    
0.013     9979.733  21.197    
0.013     9979.293  21.636    
0.013     9978.844  22.083    
0.013     9978.387  22.539    
0.013     9977.921  23.003    
0.013     9977.446  23.476    
0.013     9976.963  23.957    
0.013     9976.470  24.448    
0.013     9975.967  24.948    
0.014     9975.456  25.458    
0.014     9974.934  25.977    
0.014     9974.403  26.506    
0.014     9973.861  27.045    
0.014     9973.310  27.594    
0.014     9972.748  28.153    
0.014     9972.175  28.722    
0.014     9971.591  29.303    
0.014     9970.997  29.894    
0.014     9970.391  30.497    
0.014     9969.773  31.110    
0.015     9969.144  31.735    
0.015     9968.504  32.372    
0.015     9967.851  33.021    
0.015     9967.185  33.682    
0.015     9966.508  34.355    
0.015     9965.817  35.041    
0.015     9965.113  35.740    
0.015     9964.396  36.452    
0.015     9963.666  37.177    
0.015     9962.922  37.915    
0.015     9962.164  38.668    
0.016     9961.391  39.434    
0.016     9960.604  40.215    
0.016     9959.803  41.010    
0.016     9958.986  41.820    
0.016     9958.154  42.645    
0.016     9957.306  43.485    
0.016     9956.442  44.341    
0.016     9955.562  45.213    
0.016     9954.666  46.102    
0.016     9953.752  47.006    
0.016     9952.822  47.928    
0.017     9951.874  48.866    
0.017     9950.908  49.822    
0.017     9949.924  50.796    
0.017     9948.922  51.787    
0.017     9947.901  52.798    
0.017     9946.860  53.826    
0.017     9945.801  54.874    
0.017     9944.721  55.941    
0.017     9943.621  57.028    
0.017     9942.501  58.135    
0.017     9941.360  59.262    
0.018     9940.197  60.411    
0.018     9939.013  61.580    
0.018     9937.806  62.771    
0.018     9936.577  63.984    
0.018     9935.325  65.219    
0.018     9934.050  66.477    
0.018     9932.750  67.757    
0.018     9931.427  69.062    
0.018     9930.079  70.390    
0.018     9928.705  71.743    
0.018     9927.306  73.121    
0.019     9925.881  74.524    
0.019     9924.430  75.952    
0.019     9922.951  77.407    
0.019     9921.445  78.888    
0.019     9919.911  80.397    
0.019     9918.348  81.933    
0.019     9916.757  83.496    
0.019     9915.135  85.089    
0.019     9913.484  86.710    
0.019     9911.802  88.361    
0.019     9910.088  90.042    
0.020     9908.343  91.754    
0.020     9906.566  93.497    
0.020     9904.755  95.271    
0.020     9902.911  97.077    
0.020     9901.033  98.916    
0.020     9899.120  100.789   
0.020     9897.172  102.695   
0.020     9895.187  104.636   
0.020     9893.166  106.612   
0.020     9891.108  108.623   
0.020     9889.011  110.671   
0.021     9886.876  112.755   
0.021     9884.701  114.877   
0.021     9882.486  117.038   
0.021     9880.230  119.236   
0.021     9877.933  121.475   
0.021     9875.594  123.753   
0.021     9873.211  126.072   
0.021     9870.785  128.433   
0.021     9868.314  130.836   
0.021     9865.797  133.281   
0.021     9863.234  135.771   
0.022     9860.624  138.304   
0.022     9857.967  140.882   
0.022     9855.260  143.507   
0.022     9852.504  146.177   
0.022     9849.698  148.895   
0.022     9846.840  151.661   
0.022     9843.930  154.476   
0.022     9840.967  157.341   
0.022     9837.949  160.256   
0.022     9834.877  163.222   
0.022     9831.748  166.240   
0.022     9828.563  169.311   
0.023     9825.319  172.436   
0.023     9822.016  175.616   
0.023     9818.654  178.851   
0.023     9815.230  182.142   
0.023     9811.744  185.490   
0.023     9808.194  188.897   
0.023     9804.581  192.363   
0.023     9800.902  195.889   
0.023     9797.156  199.476   
0.023     9793.343  203.124   
0.023     9789.460  206.836   
0.024     9785.508  210.611   
0.024     9781.484  214.451   
0.024     9777.388  218.357   
0.024     9773.218  222.329   
0.024     9768.973  226.370   
0.024     9764.652  230.479   
0.024     9760.253  234.658   
0.024     9755.776  238.907   
0.024     9751.218  243.229   
0.024     9746.579  247.623   
0.024     9741.856  252.092   
0.025     9737.050  256.635   
0.025     9732.157  261.255   
0.025     9727.178  265.952   
0.025     9722.109  270.728   
0.025     9716.951  275.583   
0.025     9711.701  280.518   
0.025     9706.358  285.535   
0.025     9700.921  290.636   
0.025     9695.387  295.820   
0.025     9689.755  301.089   
0.025     9684.024  306.445   
0.026     9678.192  311.888   
0.026     9672.258  317.420   
0.026     9666.219  323.042   
0.026     9660.074  328.755   
0.026     9653.822  334.560   
0.026     9647.460  340.459   
0.026     9640.987  346.452   
0.026     9634.401  352.541   
0.026     9627.700  358.728   
0.026     9620.883  365.012   
0.026     9613.947  371.397   
0.027     9606.892  377.882   
0.027     9599.714  384.469   
0.027     9592.412  391.159   
0.027     9584.984  397.954   
0.027     9577.428  404.854   
0.027     9569.743  411.862   
0.027     9561.925  418.977   
0.027     9553.974  426.202   
0.027     9545.887  433.538   
0.027     9537.661  440.985   
0.027     9529.296  448.546   
0.028     9520.789  456.221   
0.028     9512.137  464.011   
0.028     9503.339  471.919   
0.028     9494.392  479.944   
0.028     9485.295  488.088   
0.028     9476.044  496.353   
0.028     9466.639  504.739   
0.028     9457.075  513.248   
0.028     9447.353  521.881   
0.028     9437.468  530.639   
0.028     9427.419  539.523   
0.029     9417.203  548.534   
0.029     9406.818  557.674   
0.029     9396.262  566.943   
0.029     9385.532  576.343   
0.029     9374.626  585.874   
0.029     9363.541  595.538   
0.029     9352.276  605.336   
0.029     9340.827  615.268   
0.029     9329.192  625.336   
0.029     9317.369  635.541   
0.029     9305.355  645.883   
0.030     9293.147  656.364   
0.030     9280.744  666.984   
0.030     9268.142  677.744   
0.030     9255.340  688.644   
0.030     9242.334  699.687   
0.030     9229.121  710.872   
0.030     9215.701  722.201   
0.030     9202.068  733.673   
0.030     9188.223  745.289   
0.030     9174.160  757.051   
0.030     9159.879  768.958   
0.031     9145.376  781.011   
0.031     9130.649  793.211   
0.031     9115.695  805.558   
0.031     9100.512  818.052   
0.031     9085.097  830.693   
0.031     9069.447  843.483   
0.031     9053.560  856.420   
0.031     9037.433  869.506   
0.031     9021.063  882.740   
0.031     9004.449  896.123   
0.031     8987.587  909.653   
0.032     8970.475  923.332   
0.032     8953.110  937.159   
0.032     8935.490  951.134   
0.032     8917.612  965.256   
0.032     8899.474  979.526   
0.032     8881.073  993.942   
0.032     8862.407  1008.504  
0.032     8843.473  1023.212  
0.032     8824.269  1038.065  
0.032     8804.792  1053.062  
0.032     8785.041  1068.203  
0.032     8765.012  1083.485  
0.033     8744.703  1098.910  
0.033     8724.113  1114.474  
0.033     8703.238  1130.178  
0.033     8682.077  1146.020  
0.033     8660.628  1161.998  
0.033     8638.888  1178.111  
0.033     8616.855  1194.357  
0.033     8594.527  1210.736  
0.033     8571.903  1227.245  
0.033     8548.980  1243.881  
0.033     8525.756  1260.645  
0.034     8502.229  1277.532  
0.034     8478.399  1294.541  
0.034     8454.262  1311.671  
0.034     8429.818  1328.917  
0.034     8405.065  1346.279  
0.034     8380.001  1363.753  
0.034     8354.625  1381.336  
0.034     8328.936  1399.027  
0.034     8302.931  1416.821  
0.034     8276.611  1434.716  
0.034     8249.973  1452.709  
0.035     8223.018  1470.796  
0.035     8195.743  1488.973  
0.035     8168.148  1507.239  
0.035     8140.232  1525.588  
0.035     8111.995  1544.017  
0.035     8083.436  1562.522  
0.035     8054.555  1581.100  
0.035     8025.350  1599.746  
0.035     7995.823  1618.455  
0.035     7965.972  1637.224  
0.035     7935.798  1656.048  
0.036     7905.301  1674.922  
0.036     7874.480  1693.842  
0.036     7843.337  1712.803  
0.036     7811.872  1731.800  
0.036     7780.085  1750.827  
0.036     7747.978  1769.881  
0.036     7715.550  1788.955  
0.036     7682.803  1808.044  
0.036     7649.738  1827.143  
0.036     7616.356  1846.245  
0.036     7582.659  1865.346  
0.037     7548.648  1884.439  
0.037     7514.325  1903.519  
0.037     7479.691  1922.579  
0.037     7444.750  1941.614  
0.037     7409.502  1960.617  
0.037     7373.951  1979.581  
0.037     7338.098  1998.502  
0.037     7301.947  2017.371  
0.037     7265.500  2036.182  
0.037     7228.760  2054.929  
0.037     7191.730  2073.605  
0.038     7154.414  2092.204  
0.038     7116.815  2110.717  
0.038     7078.937  2129.139  
0.038     7040.784  2147.463  
0.038     7002.359  2165.681  
0.038     6963.667  2183.786  
0.038     6924.712  2201.771  
0.038     6885.499  2219.628  
0.038     6846.032  2237.352  
0.038     6806.317  2254.933  
0.038     6766.358  2272.366  
0.039     6726.161  2289.643  
0.039     6685.731  2306.755  
0.039     6645.074  2323.697  
0.039     6604.196  2340.460  
0.039     6563.103  2357.037  
0.039     6521.800  2373.421  
0.039     6480.295  2389.605  
0.039     6438.593  2405.581  
0.039     6396.702  2421.341  
0.039     6354.629  2436.879  
0.039     6312.381  2452.187  
0.040     6269.964  2467.258  
0.040     6227.387  2482.084  
0.040     6184.657  2496.660  
0.040     6141.781  2510.976  
0.040     6098.769  2525.028  
0.040     6055.627  2538.807  
0.040     6012.365  2552.307  
0.040     5968.991  2565.521  
0.040     5925.514  2578.442  
0.040     5881.941  2591.064  
0.040     5838.283  2603.380  
0.041     5794.549  2615.384  
0.041     5750.747  2627.070  
0.041     5706.888  2638.432  
0.041     5662.980  2649.463  
0.041     5619.034  2660.159  
0.041     5575.059  2670.512  
0.041     5531.065  2680.518  
0.041     5487.064  2690.172  
0.041     5443.064  2699.468  
0.041     5399.076  2708.401  
0.041     5355.111  2716.966  
0.041     5311.179  2725.160  
0.042     5267.291  2732.976  
0.042     5223.458  2740.412  
0.042     5179.691  2747.463  
0.042     5136.000  2754.125  
0.042     5092.398  2760.395  
0.042     5048.894  2766.270  
0.042     5005.501  2771.746  
0.042     4962.230  2776.821  
0.042     4919.091  2781.491  
0.042     4876.098  2785.755  
0.042     4833.260  2789.611  
0.043     4790.589  2793.056  
0.043     4748.098  2796.090  
0.043     4705.798  2798.710  
0.043     4663.700  2800.916  
0.043     4621.816  2802.707  
0.043     4580.157  2804.084  
0.043     4538.737  2805.044  
0.043     4497.565  2805.590  
0.043     4456.654  2805.721  
0.043     4416.016  2805.438  
0.043     4375.661  2804.743  
0.044     4335.603  2803.636  
0.044     4295.852  2802.119  
0.044     4256.419  2800.196  
0.044     4217.317  2797.867  
0.044     4178.557  2795.136  
0.044     4140.150  2792.005  
0.044     4102.107  2788.479  
0.044     4064.440  2784.561  
0.044     4027.160  2780.255  
0.044     3990.278  2775.566  
0.044     3953.805  2770.498  
0.045     3917.752  2765.056  
0.045     3882.129  2759.246  
0.045     3846.947  2753.074  
0.045     3812.217  2746.546  
0.045     3777.948  2739.669  
0.045     3744.153  2732.449  
0.045     3710.839  2724.893  
0.045     3678.018  2717.010  
0.045     3645.699  2708.807  
0.045     3613.892  2700.292  
0.045     3582.606  2691.474  
0.046     3551.851  2682.363  
0.046     3521.636  2672.967  
0.046     3491.969  2663.295  
0.046     3462.860  2653.359  
0.046     3434.317  2643.168  
0.046     3406.349  2632.734  
0.046     3378.963  2622.066  
0.046     3352.167  2611.177  
0.046     3325.970  2600.077  
0.046     3300.379  2588.780  
0.046     3275.401  2577.297  
0.047     3251.044  2565.640  
0.047     3227.313  2553.823  
0.047     3204.216  2541.859  
0.047     3181.760  2529.761  
0.047     3159.950  2517.542  
0.047     3138.792  2505.218  
0.047     3118.292  2492.801  
0.047     3098.456  2480.306  
0.047     3079.288  2467.749  
0.047     3060.794  2455.142  
0.047     3042.978  2442.503  
0.048     3025.844  2429.845  
0.048     3009.397  2417.184  
0.048     2993.641  2404.536  
0.048     2978.579  2391.916  
0.048     2964.215  2379.340  
0.048     2950.552  2366.824  
0.048     2937.592  2354.383  
0.048     2925.339  2342.033  
0.048     2913.794  2329.790  
0.048     2902.959  2317.670  
0.048     2892.837  2305.689  
0.049     2883.429  2293.862  
0.049     2874.736  2282.205  
0.049     2866.759  2270.734  
0.049     2859.499  2259.463  
0.049     2852.956  2248.408  
0.049     2847.131  2237.584  
0.049     2842.023  2227.004  
0.049     2837.633  2216.685  
0.049     2833.959  2206.639  
0.049     2831.000  2196.879  
0.049     2828.757  2187.420  
0.050     2827.227  2178.274  
0.050     2826.408  2169.453  
0.050     2826.300  2160.969  
0.050     2826.899  2152.833  
0.050     2828.205  2145.055  
0.050     2830.213  2137.646  
0.050     2832.921  2130.615  
0.050     2836.326  2123.970  
0.050     2840.426  2117.720  
0.050     2845.216  2111.871  
0.050     2850.693  2106.431  
0.050     2856.853  2101.404  
0.051     2863.691  2096.796  
0.051     2871.204  2092.611  
0.051     2879.387  2088.852  
0.051     2888.235  2085.522  
0.051     2897.743  2082.622  
0.051     2907.906  2080.153  
0.051     2918.719  2078.115  
0.051     2930.177  2076.507  
0.051     2942.273  2075.327  
0.051     2955.001  2074.574  
0.051     2968.356  2074.243  
0.052     2982.332  2074.330  
0.052     2996.921  2074.832  
0.052     3012.118  2075.742  
0.052     3027.916  2077.053  
0.052     3044.308  2078.760  
0.052     3061.287  2080.854  
0.052     3078.846  2083.328  
0.052     3096.978  2086.172  
0.052     3115.675  2089.377  
0.052     3134.929  2092.934  
0.052     3154.734  2096.831  
0.053     3175.081  2101.059  
0.053     3195.963  2105.607  
0.053     3217.372  2110.462  
0.053     3239.299  2115.613  
0.053     3261.737  2121.048  
0.053     3284.676  2126.754  
0.053     3308.110  2132.719  
0.053     3332.030  2138.931  
0.053     3356.426  2145.376  
0.053     3381.292  2152.042  
0.053     3406.617  2158.915  
0.054     3432.393  2165.982  
0.054     3458.612  2173.231  
0.054     3485.265  2180.648  
0.054     3512.343  2188.221  
0.054     3539.838  2195.936  
0.054     3567.739  2203.781  
0.054     3596.039  2211.742  
0.054     3624.729  2219.808  
0.054     3653.799  2227.965  
0.054     3683.241  2236.202  
0.054     3713.045  2244.507  
0.055     3743.202  2252.867  
0.055     3773.705  2261.271  
0.055     3804.542  2269.708  
0.055     3835.707  2278.166  
0.055     3867.189  2286.635  
0.055     3898.979  2295.103  
0.055     3931.069  2303.560  
0.055     3963.449  2311.997  
0.055     3996.111  2320.403  
0.055     4029.046  2328.768  
0.055     4062.245  2337.084  
0.056     4095.699  2345.341  
0.056     4129.399  2353.531  
0.056     4163.336  2361.644  
0.056     4197.502  2369.673  
0.056     4231.888  2377.610  
0.056     4266.485  2385.448  
0.056     4301.285  2393.178  
0.056     4336.279  2400.793  
0.056     4371.459  2408.288  
0.056     4406.816  2415.656  
0.056     4442.342  2422.889  
0.057     4478.029  2429.983  
0.057     4513.868  2436.931  
0.057     4549.851  2443.728  
0.057     4585.971  2450.369  
0.057     4622.219  2456.849  
0.057     4658.586  2463.163  
0.057     4695.066  2469.306  
0.057     4731.651  2475.276  
0.057     4768.332  2481.067  
0.057     4805.103  2486.675  
0.057     4841.955  2492.098  
0.058     4878.882  2497.332  
0.058     4915.875  2502.374  
0.058     4952.928  2507.221  
0.058     4990.033  2511.871  
0.058     5027.184  2516.320  
0.058     5064.373  2520.568  
0.058     5101.593  2524.610  
0.058     5138.838  2528.447  
0.058     5176.101  2532.075  
0.058     5213.375  2535.495  
0.058     5250.653  2538.703  
0.059     5287.930  2541.699  
0.059     5325.199  2544.483  
0.059     5362.454  2547.053  
0.059     5399.689  2549.408  
0.059     5436.897  2551.548  
0.059     5474.073  2553.472  
0.059     5511.210  2555.181  
0.059     5548.304  2556.674  
0.059     5585.349  2557.951  
0.059     5622.339  2559.012  
0.059     5659.268  2559.858  
0.059     5696.132  2560.489  
0.060     5732.925  2560.905  
0.060     5769.642  2561.107  
0.060     5806.278  2561.096  
0.060     5842.828  2560.872  
0.060     5879.288  2560.437  
0.060     5915.653  2559.791  
0.060     5951.918  2558.936  
0.060     5988.078  2557.872  
0.060     6024.130  2556.602  
0.060     6060.069  2555.126  
0.060     6095.890  2553.445  
0.061     6131.591  2551.562  
0.061     6167.166  2549.478  
0.061     6202.612  2547.194  
0.061     6237.926  2544.713  
0.061     6273.103  2542.036  
0.061     6308.140  2539.164  
0.061     6343.033  2536.101  
0.061     6377.780  2532.847  
0.061     6412.376  2529.405  
0.061     6446.818  2525.776  
0.061     6481.105  2521.964  
0.062     6515.231  2517.970  
0.062     6549.195  2513.796  
0.062     6582.994  2509.444  
0.062     6616.625  2504.917  
0.062     6650.085  2500.217  
0.062     6683.372  2495.347  
0.062     6716.483  2490.308  
0.062     6749.416  2485.103  
0.062     6782.169  2479.735  
0.062     6814.739  2474.205  
0.062     6847.125  2468.517  
0.063     6879.323  2462.673  
0.063     6911.333  2456.675  
0.063     6943.152  2450.527  
0.063     6974.779  2444.229  
0.063     7006.212  2437.785  
0.063     7037.449  2431.198  
0.063     7068.488  2424.470  
0.063     7099.329  2417.604  
0.063     7129.969  2410.601  
0.063     7160.408  2403.466  
0.063     7190.644  2396.199  
0.064     7220.675  2388.805  
0.064     7250.502  2381.285  
0.064     7280.122  2373.642  
0.064     7309.534  2365.878  
0.064     7338.739  2357.997  
0.064     7367.734  2350.000  
0.064     7396.519  2341.891  
0.064     7425.093  2333.672  
0.064     7453.457  2325.345  
0.064     7481.608  2316.913  
0.064     7509.546  2308.378  
0.065     7537.272  2299.744  
0.065     7564.784  2291.012  
0.065     7592.082  2282.185  
0.065     7619.166  2273.265  
0.065     7646.035  2264.256  
0.065     7672.689  2255.159  
0.065     7699.129  2245.977  
0.065     7725.353  2236.712  
0.065     7751.363  2227.366  
0.065     7777.157  2217.943  
0.065     7802.736  2208.444  
0.066     7828.100  2198.872  
0.066     7853.249  2189.229  
0.066     7878.183  2179.518  
0.066     7902.903  2169.740  
0.066     7927.408  2159.898  
0.066     7951.699  2149.995  
0.066     7975.776  2140.032  
0.066     7999.640  2130.012  
0.066     8023.291  2119.936  
0.066     8046.729  2109.808  
0.066     8069.955  2099.629  
0.067     8092.970  2089.401  
0.067     8115.773  2079.126  
0.067     8138.366  2068.807  
0.067     8160.750  2058.446  
0.067     8182.923  2048.044  
0.067     8204.889  2037.603  
0.067     8226.646  2027.126  
0.067     8248.197  2016.615  
0.067     8269.541  2006.070  
0.067     8290.679  1995.495  
0.067     8311.613  1984.892  
0.068     8332.343  1974.261  
0.068     8352.869  1963.605  
0.068     8373.194  1952.926  
0.068     8393.317  1942.225  
0.068     8413.240  1931.504  
0.068     8432.963  1920.765  
0.068     8452.488  1910.009  
0.068     8471.816  1899.239  
0.068     8490.947  1888.455  
0.068     8509.883  1877.660  
0.068     8528.624  1866.855  
0.068     8547.172  1856.042  
0.069     8565.528  1845.221  
0.069     8583.693  1834.396  
0.069     8601.668  1823.566  
0.069     8619.454  1812.734  
0.069     8637.053  1801.901  
0.069     8654.464  1791.069  
0.069     8671.691  1780.238  
0.069     8688.733  1769.411  
0.069     8705.592  1758.588  
0.069     8722.269  1747.771  
0.069     8738.766  1736.962  
0.070     8755.083  1726.160  
0.070     8771.223  1715.368  
0.070     8787.185  1704.588  
0.070     8802.971  1693.819  
0.070     8818.584  1683.063  
0.070     8834.023  1672.322  
0.070     8849.290  1661.596  
0.070     8864.386  1650.887  
0.070     8879.314  1640.196  
0.070     8894.073  1629.523  
0.070     8908.665  1618.870  
0.071     8923.092  1608.238  
0.071     8937.355  1597.627  
0.071     8951.455  1587.039  
0.071     8965.393  1576.475  
0.071     8979.171  1565.935  
0.071     8992.790  1555.421  
0.071     9006.252  1544.933  
0.071     9019.557  1534.473  
0.071     9032.707  1524.040  
0.071     9045.703  1513.636  
0.071     9058.547  1503.262  
0.072     9071.240  1492.918  
0.072     9083.783  1482.605  
0.072     9096.178  1472.325  
0.072     9108.426  1462.076  
0.072     9120.527  1451.862  
0.072     9132.485  1441.681  
0.072     9144.299  1431.534  
0.072     9155.971  1421.423  
0.072     9167.502  1411.348  
0.072     9178.894  1401.310  
0.072     9190.148  1391.308  
0.073     9201.266  1381.344  
0.073     9212.248  1371.419  
0.073     9223.096  1361.532  
0.073     9233.810  1351.684  
0.073     9244.394  1341.876  
0.073     9254.847  1332.108  
0.073     9265.171  1322.381  
0.073     9275.367  1312.696  
0.073     9285.437  1303.051  
0.073     9295.381  1293.449  
0.073     9305.201  1283.889  
0.074     9314.899  1274.372  
0.074     9324.475  1264.899  
0.074     9333.931  1255.468  
0.074     9343.267  1246.082  
0.074     9352.486  1236.740  
0.074     9361.588  1227.443  
0.074     9370.575  1218.190  
0.074     9379.447  1208.982  
0.074     9388.207  1199.820  
0.074     9396.854  1190.704  
0.074     9405.391  1181.634  
0.075     9413.819  1172.610  
0.075     9422.138  1163.632  
0.075     9430.349  1154.701  
0.075     9438.455  1145.817  
0.075     9446.456  1136.979  
0.075     9454.353  1128.190  
0.075     9462.148  1119.447  
0.075     9469.841  1110.752  
0.075     9477.434  1102.105  
0.075     9484.928  1093.506  
0.075     9492.323  1084.954  
0.076     9499.621  1076.451  
0.076     9506.824  1067.996  
0.076     9513.931  1059.590  
0.076     9520.945  1051.232  
0.076     9527.865  1042.922  
0.076     9534.694  1034.661  
0.076     9541.433  1026.448  
0.076     9548.082  1018.285  
0.076     9554.642  1010.170  
0.076     9561.114  1002.104  
0.076     9567.500  994.086   
0.076     9573.801  986.118   
0.077     9580.017  978.198   
0.077     9586.149  970.327   
0.077     9592.199  962.505   
0.077     9598.167  954.732   
0.077     9604.054  947.008   
0.077     9609.862  939.332   
0.077     9615.591  931.706   
0.077     9621.242  924.128   
0.077     9626.816  916.599   
0.077     9632.314  909.118   
0.077     9637.737  901.686   
0.078     9643.086  894.303   
0.078     9648.361  886.968   
0.078     9653.564  879.681   
0.078     9658.696  872.443   
0.078     9663.757  865.253   
0.078     9668.748  858.111   
0.078     9673.671  851.017   
0.078     9678.525  843.971   
0.078     9683.312  836.973   
0.078     9688.032  830.022   
0.078     9692.687  823.120   
0.079     9697.278  816.264   
0.079     9701.804  809.456   
0.079     9706.267  802.696   
0.079     9710.668  795.982   
0.079     9715.007  789.316   
0.079     9719.285  782.696   
0.079     9723.504  776.123   
0.079     9727.663  769.596   
0.079     9731.763  763.116   
0.079     9735.806  756.682   
0.079     9739.791  750.294   
0.080     9743.720  743.952   
0.080     9747.594  737.656   
0.080     9751.413  731.405   
0.080     9755.177  725.200   
0.080     9758.888  719.040   
0.080     9762.546  712.925   
0.080     9766.152  706.855   
0.080     9769.707  700.829   
0.080     9773.210  694.848   
0.080     9776.664  688.912   
0.080     9780.068  683.019   
0.081     9783.423  677.170   
0.081     9786.730  671.365   
0.081     9789.990  665.604   
0.081     9793.202  659.886   
0.081     9796.368  654.211   
0.081     9799.489  648.579   
0.081     9802.564  642.990   
0.081     9805.595  637.443   
0.081     9808.582  631.939   
0.081     9811.525  626.477   
0.081     9814.426  621.056   
0.082     9817.285  615.677   
0.082     9820.101  610.340   
0.082     9822.877  605.044   
0.082     9825.612  599.789   
0.082     9828.307  594.575   
0.082     9830.963  589.402   
0.082     9833.580  584.268   
0.082     9836.158  579.175   
0.082     9838.699  574.122   
0.082     9841.202  569.109   
0.082     9843.668  564.135   
0.083     9846.097  559.201   
0.083     9848.491  554.305   
0.083     9850.850  549.448   
0.083     9853.173  544.630   
0.083     9855.462  539.851   
0.083     9857.717  535.109   
0.083     9859.939  530.406   
0.083     9862.127  525.740   
0.083     9864.283  521.111   
0.083     9866.406  516.520   
0.083     9868.498  511.966   
0.084     9870.559  507.448   
0.084     9872.588  502.968   
0.084     9874.588  498.523   
0.084     9876.557  494.115   
0.084     9878.496  489.742   
0.084     9880.407  485.405   
0.084     9882.288  481.104   
0.084     9884.141  476.838   
0.084     9885.966  472.606   
0.084     9887.764  468.410   
0.084     9889.534  464.248   
0.085     9891.277  460.120   
0.085     9892.994  456.026   
0.085     9894.685  451.967   
0.085     9896.350  447.940   
0.085     9897.989  443.947   
0.085     9899.603  439.988   
0.085     9901.193  436.061   
0.085     9902.758  432.167   
0.085     9904.299  428.305   
0.085     9905.817  424.476   
0.085     9907.311  420.679   
0.086     9908.782  416.913   
0.086     9910.230  413.180   
0.086     9911.656  409.477   
0.086     9913.060  405.806   
0.086     9914.442  402.166   
0.086     9915.802  398.556   
0.086     9917.141  394.977   
0.086     9918.460  391.428   
0.086     9919.757  387.909   
0.086     9921.035  384.420   
0.086     9922.292  380.961   
0.086     9923.530  377.531   
0.087     9924.748  374.131   
0.087     9925.946  370.759   
0.087     9927.126  367.416   
0.087     9928.287  364.102   
0.087     9929.430  360.816   
0.087     9930.555  357.559   
0.087     9931.661  354.329   
0.087     9932.750  351.127   
0.087     9933.822  347.953   
0.087     9934.876  344.806   
0.087     9935.913  341.686   
0.088     9936.934  338.593   
0.088     9937.938  335.527   
0.088     9938.926  332.487   
0.088     9939.898  329.474   
0.088     9940.853  326.487   
0.088     9941.794  323.526   
0.088     9942.719  320.590   
0.088     9943.628  317.680   
0.088     9944.523  314.796   
0.088     9945.403  311.937   
0.088     9946.269  309.102   
0.089     9947.120  306.293   
0.089     9947.957  303.508   
0.089     9948.779  300.748   
0.089     9949.588  298.012   
0.089     9950.384  295.300   
0.089     9951.166  292.612   
0.089     9951.935  289.947   
0.089     9952.690  287.307   
0.089     9953.433  284.689   
0.089     9954.163  282.095   
0.089     9954.881  279.524   
0.090     9955.586  276.975   
0.090     9956.278  274.450   
0.090     9956.959  271.946   
0.090     9957.628  269.465   
0.090     9958.285  267.007   
0.090     9958.931  264.570   
0.090     9959.565  262.155   
0.090     9960.187  259.762   
0.090     9960.799  257.391   
0.090     9961.399  255.041   
0.090     9961.989  252.712   
0.091     9962.568  250.404   
0.091     9963.136  248.117   
0.091     9963.693  245.851   
0.091     9964.241  243.606   
0.091     9964.778  241.381   
0.091     9965.305  239.177   
0.091     9965.822  236.992   
0.091     9966.329  234.828   
0.091     9966.826  232.684   
0.091     9967.314  230.560   
0.091     9967.792  228.455   
0.092     9968.261  226.370   
0.092     9968.721  224.304   
0.092     9969.171  222.258   
0.092     9969.612  220.231   
0.092     9970.045  218.223   
0.092     9970.468  216.234   
0.092     9970.883  214.264   
0.092     9971.288  212.313   
0.092     9971.686  210.381   
0.092     9972.074  208.467   
0.092     9972.455  206.571   
0.093     9972.827  204.694   
0.093     9973.191  202.836   
0.093     9973.546  200.995   
0.093     9973.894  199.173   
0.093     9974.233  197.369   
0.093     9974.565  195.583   
0.093     9974.888  193.815   
0.093     9975.204  192.064   
0.093     9975.513  190.332   
0.093     9975.813  188.617   
0.093     9976.106  186.920   
0.094     9976.392  185.241   
0.094     9976.670  183.580   
0.094     9976.940  181.936   
0.094     9977.204  180.309   
0.094     9977.460  178.701   
0.094     9977.709  177.109   
0.094     9977.951  175.536   
0.094     9978.185  173.980   
0.094     9978.413  172.441   
0.094     9978.633  170.920   
0.094     9978.847  169.417   
0.095     9979.054  167.931   
0.095     9979.254  166.463   
0.095     9979.447  165.013   
0.095     9979.633  163.580   
0.095     9979.812  162.166   
0.095     9979.985  160.769   
0.095     9980.151  159.390   
0.095     9980.311  158.029   
0.095     9980.464  156.686   
0.095     9980.610  155.362   
0.095     9980.750  154.055   
0.095     9980.883  152.768   
0.096     9981.010  151.499   
0.096     9981.130  150.248   
0.096     9981.244  149.017   
0.096     9981.351  147.804   
0.096     9981.452  146.611   
0.096     9981.547  145.438   
0.096     9981.635  144.284   
0.096     9981.717  143.150   
0.096     9981.792  142.036   
0.096     9981.861  140.942   
0.096     9981.923  139.869   
0.097     9981.980  138.816   
0.097     9982.030  137.785   
0.097     9982.073  136.776   
0.097     9982.110  135.788   
0.097     9982.141  134.822   
0.097     9982.166  133.879   
0.097     9982.184  132.958   
0.097     9982.196  132.061   
0.097     9982.201  131.187   
0.097     9982.200  130.337   
0.097     9982.193  129.511   
0.098     9982.179  128.710   
0.098     9982.158  127.934   
0.098     9982.132  127.184   
0.098     9982.098  126.460   
0.098     9982.059  125.763   
0.098     9982.013  125.093   
0.098     9981.960  124.450   
0.098     9981.900  123.836   
0.098     9981.834  123.250   
0.098     9981.762  122.693   
0.098     9981.683  122.166   
0.099     9981.597  121.670   
0.099     9981.504  121.204   
0.099     9981.404  120.770   
0.099     9981.298  120.368   
0.099     9981.185  119.999   
0.099     9981.065  119.663   
0.099     9980.938  119.361   
0.099     9980.804  119.093   
0.099     9980.663  118.861   
0.099     9980.514  118.664   
0.099     9980.359  118.503   
0.100     9980.196  118.379   
0.100     9980.027  118.293   
0.100     9979.849  118.245   
0.100     9979.665  118.236   
0.100     9979.473  118.266   
0.100     9979.273  118.336   
0.100     9979.066  118.446   
0.100     9978.851  118.597   
0.100     9978.629  118.790   
0.100     9978.398  119.024   
0.100     9978.160  119.301   
0.101     9977.914  119.622   
0.101     9977.660  119.985   
0.101     9977.397  120.393   
0.101     9977.127  120.845   
0.101     9976.848  121.342   
0.101     9976.560  121.884   
0.101     9976.265  122.471   
0.101     9975.960  123.105   
0.101     9975.647  123.784   
0.101     9975.325  124.511   
0.101     9974.994  125.284   
0.102     9974.655  126.105   
0.102     9974.306  126.973   
0.102     9973.948  127.888   
0.102     9973.581  128.852   
0.102     9973.204  129.864   
0.102     9972.817  130.924   
0.102     9972.422  132.033   
0.102     9972.016  133.190   
0.102     9971.600  134.396   
0.102     9971.174  135.651   
0.102     9970.739  136.956   
0.103     9970.293  138.309   
0.103     9969.836  139.712   
0.103     9969.369  141.164   
0.103     9968.891  142.666   
0.103     9968.402  144.217   
0.103     9967.903  145.819   
0.103     9967.392  147.469   
0.103     9966.870  149.170   
0.103     9966.337  150.921   
0.103     9965.792  152.721   
0.103     9965.235  154.572   
0.104     9964.666  156.473   
0.104     9964.085  158.424   
0.104     9963.492  160.425   
0.104     9962.887  162.477   
0.104     9962.269  164.579   
0.104     9961.638  166.731   
0.104     9960.995  168.934   
0.104     9960.338  171.188   
0.104     9959.668  173.492   
0.104     9958.985  175.847   
0.104     9958.287  178.254   
0.104     9957.576  180.711   
0.105     9956.851  183.219   
0.105     9956.112  185.779   
0.105     9955.358  188.390   
0.105     9954.590  191.053   
0.105     9953.807  193.768   
0.105     9953.008  196.534   
0.105     9952.195  199.352   
0.105     9951.366  202.223   
0.105     9950.521  205.146   
0.105     9949.660  208.121   
0.105     9948.783  211.149   
0.106     9947.890  214.230   
0.106     9946.980  217.364   
0.106     9946.053  220.551   
0.106     9945.109  223.792   
0.106     9944.148  227.087   
0.106     9943.169  230.435   
0.106     9942.172  233.838   
0.106     9941.157  237.295   
0.106     9940.124  240.807   
0.106     9939.072  244.374   
0.106     9938.001  247.995   
0.107     9936.911  251.673   
0.107     9935.802  255.405   
0.107     9934.673  259.194   
0.107     9933.524  263.039   
0.107     9932.355  266.941   
0.107     9931.166  270.899   
0.107     9929.955  274.914   
0.107     9928.724  278.986   
0.107     9927.471  283.117   
0.107     9926.196  287.304   
0.107     9924.900  291.551   
0.108     9923.581  295.855   
0.108     9922.239  300.218   
0.108     9920.875  304.641   
0.108     9919.488  309.123   
0.108     9918.077  313.664   
0.108     9916.642  318.265   
0.108     9915.183  322.927   
0.108     9913.699  327.649   
0.108     9912.191  332.432   
0.108     9910.657  337.276   
0.108     9909.098  342.181   
0.109     9907.513  347.149   
0.109     9905.902  352.178   
0.109     9904.265  357.269   
0.109     9902.601  362.424   
0.109     9900.909  367.641   
0.109     9899.190  372.921   
0.109     9897.443  378.265   
0.109     9895.667  383.672   
0.109     9893.863  389.144   
0.109     9892.030  394.680   
0.109     9890.168  400.281   
0.110     9888.276  405.946   
0.110     9886.353  411.677   
0.110     9884.401  417.473   
0.110     9882.417  423.335   
0.110     9880.402  429.262   
0.110     9878.355  435.256   
0.110     9876.276  441.317   
0.110     9874.165  447.444   
0.110     9872.021  453.638   
0.110     9869.844  459.899   
0.110     9867.632  466.227   
0.111     9865.387  472.623   
0.111     9863.108  479.087   
0.111     9860.793  485.619   
0.111     9858.444  492.219   
0.111     9856.058  498.887   
0.111     9853.636  505.624   
0.111     9851.178  512.430   
0.111     9848.683  519.305   
0.111     9846.150  526.249   
0.111     9843.580  533.262   
0.111     9840.971  540.344   
0.112     9838.324  547.496   
0.112     9835.638  554.718   
0.112     9832.912  562.009   
0.112     9830.146  569.371   
0.112     9827.339  576.802   
0.112     9824.492  584.303   
0.112     9821.604  591.875   
0.112     9818.673  599.517   
0.112     9815.701  607.229   
0.112     9812.686  615.012   
0.112     9809.627  622.865   
0.113     9806.526  630.788   
0.113     9803.380  638.782   
0.113     9800.190  646.847   
0.113     9796.955  654.981   
0.113     9793.674  663.187   
0.113     9790.348  671.463   
0.113     9786.976  679.809   
0.113     9783.557  688.226   
0.113     9780.091  696.713   
0.113     9776.577  705.270   
0.113     9773.015  713.898   
0.113     9769.405  722.596   
0.114     9765.746  731.364   
0.114     9762.037  740.201   
0.114     9758.278  749.109   
0.114     9754.470  758.086   
0.114     9750.610  767.133   
0.114     9746.699  776.249   
0.114     9742.737  785.434   
0.114     9738.722  794.688   
0.114     9734.655  804.011   
0.114     9730.535  813.402   
0.114     9726.362  822.862   
0.115     9722.134  832.390   
0.115     9717.852  841.986   
0.115     9713.516  851.650   
0.115     9709.124  861.381   
0.115     9704.677  871.179   
0.115     9700.174  881.043   
0.115     9695.614  890.975   
0.115     9690.997  900.972   
0.115     9686.322  911.035   
0.115     9681.590  921.163   
0.115     9676.800  931.356   
0.116     9671.951  941.614   
0.116     9667.043  951.937   
0.116     9662.076  962.323   
0.116     9657.049  972.772   
0.116     9651.961  983.285   
0.116     9646.813  993.860   
0.116     9641.604  1004.497  
0.116     9636.334  1015.196  
0.116     9631.001  1025.956  
0.116     9625.606  1036.776  
0.116     9620.149  1047.657  
0.117     9614.629  1058.597  
0.117     9609.045  1069.596  
0.117     9603.398  1080.653  
0.117     9597.686  1091.768  
0.117     9591.911  1102.941  
0.117     9586.070  1114.170  
0.117     9580.164  1125.456  
0.117     9574.193  1136.796  
0.117     9568.156  1148.192  
0.117     9562.054  1159.642  
0.117     9555.884  1171.145  
0.118     9549.648  1182.701  
0.118     9543.345  1194.309  
0.118     9536.975  1205.968  
0.118     9530.537  1217.678  
0.118     9524.031  1229.439  
0.118     9517.457  1241.248  
0.118     9510.814  1253.106  
0.118     9504.103  1265.011  
0.118     9497.323  1276.964  
0.118     9490.474  1288.962  
0.118     9483.555  1301.006  
0.119     9476.567  1313.094  
0.119     9469.508  1325.227  
0.119     9462.380  1337.401  
0.119     9455.182  1349.618  
0.119     9447.913  1361.876  
0.119     9440.573  1374.175  
0.119     9433.163  1386.512  
0.119     9425.682  1398.889  
0.119     9418.129  1411.302  
0.119     9410.506  1423.753  
0.119     9402.810  1436.239  
0.120     9395.044  1448.760  
0.120     9387.206  1461.315  
0.120     9379.296  1473.903  
0.120     9371.314  1486.522  
0.120     9363.261  1499.173  
0.120     9355.135  1511.854  
0.120     9346.938  1524.563  
0.120     9338.668  1537.301  
0.120     9330.326  1550.066  
0.120     9321.913  1562.856  
0.120     9313.427  1575.672  
0.121     9304.869  1588.511  
0.121     9296.239  1601.374  
0.121     9287.536  1614.258  
0.121     9278.762  1627.163  
0.121     9269.916  1640.088  
0.121     9260.998  1653.031  
0.121     9252.008  1665.992  
0.121     9242.946  1678.970  
0.121     9233.813  1691.963  
0.121     9224.608  1704.970  
0.121     9215.331  1717.990  
0.121     9205.984  1731.023  
0.122     9196.565  1744.067  
0.122     9187.075  1757.121  
0.122     9177.515  1770.183  
0.122     9167.884  1783.253  
0.122     9158.182  1796.330  
0.122     9148.411  1809.413  
0.122     9138.569  1822.500  
0.122     9128.658  1835.590  
0.122     9118.677  1848.682  
0.122     9108.627  1861.775  
0.122     9098.509  1874.869  
0.123     9088.322  1887.961  
0.123     9078.066  1901.050  
0.123     9067.743  1914.136  
0.123     9057.353  1927.218  
0.123     9046.895  1940.294  
0.123     9036.370  1953.363  
0.123     9025.779  1966.424  
0.123     9015.122  1979.477  
0.123     9004.399  1992.519  
0.123     8993.612  2005.550  
0.123     8982.759  2018.568  
0.124     8971.843  2031.573  
0.124     8960.862  2044.563  
0.124     8949.819  2057.538  
0.124     8938.713  2070.496  
0.124     8927.544  2083.437  
0.124     8916.314  2096.358  
0.124     8905.023  2109.260  
0.124     8893.671  2122.140  
0.124     8882.260  2134.999  
0.124     8870.789  2147.834  
0.124     8859.259  2160.646  
0.125     8847.671  2173.432  
0.125     8836.026  2186.192  
0.125     8824.325  2198.924  
0.125     8812.567  2211.629  
0.125     8800.753  2224.304  
0.125     8788.885  2236.949  
0.125     8776.963  2249.563  
0.125     8764.988  2262.145  
0.125     8752.960  2274.693  
0.125     8740.881  2287.208  
0.125     8728.751  2299.687  
0.126     8716.571  2312.131  
0.126     8704.341  2324.538  
0.126     8692.063  2336.907  
0.126     8679.737  2349.237  
0.126     8667.365  2361.528  
0.126     8654.946  2373.778  
0.126     8642.483  2385.987  
0.126     8629.975  2398.154  
0.126     8617.425  2410.277  
0.126     8604.832  2422.357  
0.126     8592.198  2434.392  
0.127     8579.523  2446.382  
0.127     8566.810  2458.325  
0.127     8554.057  2470.221  
0.127     8541.268  2482.069  
0.127     8528.442  2493.868  
0.127     8515.581  2505.618  
0.127     8502.686  2517.318  
0.127     8489.757  2528.966  
0.127     8476.796  2540.563  
0.127     8463.805  2552.107  
0.127     8450.783  2563.598  
0.128     8437.733  2575.034  
0.128     8424.655  2586.416  
0.128     8411.550  2597.743  
0.128     8398.421  2609.013  
0.128     8385.267  2620.227  
0.128     8372.090  2631.382  
0.128     8358.891  2642.480  
0.128     8345.672  2653.518  
0.128     8332.433  2664.496  
0.128     8319.176  2675.414  
0.128     8305.903  2686.271  
0.129     8292.614  2697.066  
0.129     8279.310  2707.798  
0.129     8265.994  2718.467  
0.129     8252.666  2729.072  
0.129     8239.327  2739.612  
0.129     8225.980  2750.086  
0.129     8212.624  2760.494  
0.129     8199.262  2770.835  
0.129     8185.896  2781.109  
0.129     8172.525  2791.313  
0.129     8159.152  2801.449  
0.130     8145.779  2811.515  
0.130     8132.405  2821.509  
0.130     8119.034  2831.432  
0.130     8105.666  2841.283  
0.130     8092.303  2851.060  
0.130     8078.945  2860.763  
0.130     8065.596  2870.391  
0.130     8052.255  2879.943  
0.130     8038.925  2889.418  
0.130     8025.607  2898.816  
0.130     8012.302  2908.135  
0.131     7999.013  2917.374  
0.131     7985.739  2926.533  
0.131     7972.483  2935.611  
0.131     7959.247  2944.605  
0.131     7946.032  2953.517  
0.131     7932.839  2962.343  
0.131     7919.669  2971.084  
0.131     7906.525  2979.739  
0.131     7893.408  2988.305  
0.131     7880.319  2996.782  
0.131     7867.260  3005.170  
0.131     7854.233  3013.465  
0.132     7841.238  3021.669  
0.132     7828.277  3029.778  
0.132     7815.352  3037.792  
0.132     7802.465  3045.710  
0.132     7789.616  3053.531  
0.132     7776.808  3061.252  
0.132     7764.042  3068.873  
0.132     7751.319  3076.392  
0.132     7738.640  3083.809  
0.132     7726.008  3091.121  
0.132     7713.423  3098.327  
0.133     7700.888  3105.425  
0.133     7688.403  3112.415  
0.133     7675.970  3119.295  
0.133     7663.590  3126.063  
0.133     7651.265  3132.718  
0.133     7638.996  3139.257  
0.133     7626.785  3145.681  
0.133     7614.633  3151.987  
0.133     7602.541  3158.173  
0.133     7590.510  3164.238  
0.133     7578.543  3170.181  
0.134     7566.639  3175.999  
0.134     7554.801  3181.692  
0.134     7543.030  3187.257  
0.134     7531.326  3192.694  
0.134     7519.692  3198.000  
0.134     7508.127  3203.174  
0.134     7496.635  3208.214  
0.134     7485.214  3213.120  
0.134     7473.868  3217.888  
0.134     7462.596  3222.518  
0.134     7451.400  3227.009  
0.135     7440.280  3231.358  
0.135     7429.238  3235.565  
0.135     7418.275  3239.627  
0.135     7407.392  3243.543  
0.135     7396.589  3247.313  
0.135     7385.867  3250.933  
0.135     7375.227  3254.405  
0.135     7364.670  3257.724  
0.135     7354.197  3260.892  
0.135     7343.808  3263.906  
0.135     7333.504  3266.765  
0.136     7323.285  3269.468  
0.136     7313.152  3272.013  
0.136     7303.107  3274.401  
0.136     7293.148  3276.629  
0.136     7283.276  3278.698  
0.136     7273.493  3280.605  
0.136     7263.798  3282.350  
0.136     7254.191  3283.933  
0.136     7244.674  3285.353  
0.136     7235.245  3286.608  
0.136     7225.905  3287.699  
0.137     7216.655  3288.625  
0.137     7207.494  3289.386  
0.137     7198.422  3289.981  
0.137     7189.440  3290.410  
0.137     7180.547  3290.673  
0.137     7171.743  3290.770  
0.137     7163.027  3290.701  
0.137     7154.401  3290.465  
0.137     7145.862  3290.064  
0.137     7137.412  3289.498  
0.137     7129.049  3288.766  
0.138     7120.773  3287.869  
0.138     7112.583  3286.808  
0.138     7104.480  3285.584  
0.138     7096.462  3284.198  
0.138     7088.529  3282.650  
0.138     7080.680  3280.941  
0.138     7072.914  3279.072  
0.138     7065.230  3277.046  
0.138     7057.628  3274.862  
0.138     7050.106  3272.523  
0.138     7042.664  3270.030  
0.139     7035.301  3267.385  
0.139     7028.015  3264.589  
0.139     7020.806  3261.645  
0.139     7013.672  3258.555  
0.139     7006.611  3255.320  
0.139     6999.624  3251.944  
0.139     6992.708  3248.428  
0.139     6985.862  3244.774  
0.139     6979.084  3240.987  
0.139     6972.374  3237.068  
0.139     6965.729  3233.020  
0.140     6959.149  3228.847  
0.140     6952.631  3224.550  
0.140     6946.175  3220.135  
0.140     6939.778  3215.603  
0.140     6933.438  3210.959  
0.140     6927.154  3206.206  
0.140     6920.925  3201.348  
0.140     6914.748  3196.389  
0.140     6908.622  3191.331  
0.140     6902.545  3186.181  
0.140     6896.514  3180.941  
0.140     6890.529  3175.616  
0.141     6884.586  3170.210  
0.141     6878.685  3164.727  
0.141     6872.824  3159.173  
0.141     6866.999  3153.552  
0.141     6861.210  3147.869  
0.141     6855.454  3142.127  
0.141     6849.729  3136.333  
0.141     6844.034  3130.491  
0.141     6838.365  3124.607  
0.141     6832.722  3118.685  
0.141     6827.102  3112.730  
0.142     6821.503  3106.748  
0.142     6815.923  3100.745  
0.142     6810.359  3094.725  
0.142     6804.811  3088.693  
0.142     6799.275  3082.656  
0.142     6793.750  3076.619  
0.142     6788.233  3070.588  
0.142     6782.723  3064.567  
0.142     6777.218  3058.563  
0.142     6771.715  3052.581  
0.142     6766.213  3046.627  
0.143     6760.709  3040.706  
0.143     6755.202  3034.824  
0.143     6749.690  3028.987  
0.143     6744.170  3023.200  
0.143     6738.641  3017.468  
0.143     6733.102  3011.798  
0.143     6727.549  3006.194  
0.143     6721.982  3000.663  
0.143     6716.398  2995.209  
0.143     6710.796  2989.838  
0.143     6705.175  2984.555  
0.144     6699.532  2979.366  
0.144     6693.865  2974.275  
0.144     6688.174  2969.288  
0.144     6682.457  2964.409  
0.144     6676.712  2959.644  
0.144     6670.937  2954.996  
0.144     6665.132  2950.472  
0.144     6659.295  2946.074  
0.144     6653.425  2941.809  
0.144     6647.520  2937.679  
0.144     6641.580  2933.689  
0.145     6635.602  2929.843  
0.145     6629.587  2926.145  
0.145     6623.532  2922.598  
0.145     6617.438  2919.206  
0.145     6611.302  2915.972  
0.145     6605.125  2912.900  
0.145     6598.906  2909.992  
0.145     6592.643  2907.251  
0.145     6586.336  2904.680  
0.145     6579.984  2902.281  
0.145     6573.588  2900.056  
0.146     6567.145  2898.007  
0.146     6560.657  2896.137  
0.146     6554.123  2894.446  
0.146     6547.542  2892.937  
0.146     6540.914  2891.610  
0.146     6534.239  2890.466  
0.146     6527.517  2889.506  
0.146     6520.748  2888.732  
0.146     6513.932  2888.142  
0.146     6507.070  2887.738  
0.146     6500.160  2887.519  
0.147     6493.205  2887.485  
0.147     6486.203  2887.635  
0.147     6479.156  2887.970  
0.147     6472.063  2888.488  
0.147     6464.926  2889.187  
0.147     6457.746  2890.068  
0.147     6450.522  2891.128  
0.147     6443.255  2892.366  
0.147     6435.947  2893.780  
0.147     6428.598  2895.369  
0.147     6421.209  2897.129  
0.148     6413.782  2899.059  
0.148     6406.316  2901.157  
0.148     6398.815  2903.419  
0.148     6391.278  2905.843  
0.148     6383.706  2908.427  
0.148     6376.103  2911.166  
0.148     6368.468  2914.059  
0.148     6360.803  2917.101  
0.148     6353.110  2920.290  
0.148     6345.390  2923.621  
0.148     6337.645  2927.092  
0.148     6329.877  2930.698  
0.149     6322.087  2934.436  
0.149     6314.277  2938.301  
0.149     6306.450  2942.291  
0.149     6298.606  2946.401  
0.149     6290.749  2950.626  
0.149     6282.879  2954.963  
0.149     6275.000  2959.408  
0.149     6267.113  2963.957  
0.149     6259.220  2968.604  
0.149     6251.324  2973.346  
0.149     6243.426  2978.179  
0.150     6235.530  2983.098  
0.150     6227.637  2988.099  
0.150     6219.749  2993.177  
0.150     6211.870  2998.329  
0.150     6204.002  3003.549  
0.150     6196.146  3008.834  
0.150     6188.306  3014.180  
0.150     6180.484  3019.581  
0.150     6172.683  3025.034  
0.150     6164.905  3030.535  
0.150     6157.153  3036.079  
0.151     6149.429  3041.662  
0.151     6141.737  3047.280  
0.151     6134.078  3052.930  
0.151     6126.456  3058.606  
0.151     6118.873  3064.306  
0.151     6111.331  3070.025  
0.151     6103.835  3075.759  
0.151     6096.386  3081.504  
0.151     6088.987  3087.258  
0.151     6081.641  3093.016  
0.151     6074.350  3098.775  
0.152     6067.118  3104.531  
0.152     6059.948  3110.280  
0.152     6052.841  3116.020  
0.152     6045.801  3121.748  
0.152     6038.831  3127.459  
0.152     6031.933  3133.151  
0.152     6025.110  3138.821  
0.152     6018.365  3144.467  
0.152     6011.701  3150.084  
0.152     6005.120  3155.670  
0.152     5998.625  3161.223  
0.153     5992.219  3166.740  
0.153     5985.904  3172.219  
0.153     5979.684  3177.656  
0.153     5973.561  3183.050  
0.153     5967.537  3188.399  
0.153     5961.616  3193.700  
0.153     5955.799  3198.950  
0.153     5950.089  3204.149  
0.153     5944.490  3209.294  
0.153     5939.003  3214.384  
0.153     5933.631  3219.415  
0.154     5928.376  3224.388  
0.154     5923.242  3229.299  
0.154     5918.230  3234.149  
0.154     5913.342  3238.934  
0.154     5908.582  3243.654  
0.154     5903.951  3248.307  
0.154     5899.452  3252.893  
0.154     5895.087  3257.409  
0.154     5890.858  3261.856  
0.154     5886.767  3266.231  
0.154     5882.817  3270.534  
0.155     5879.009  3274.764  
0.155     5875.346  3278.920  
0.155     5871.830  3283.002  
0.155     5868.462  3287.008  
0.155     5865.245  3290.938  
0.155     5862.181  3294.791  
0.155     5859.271  3298.567  
0.155     5856.516  3302.266  
0.155     5853.920  3305.886  
0.155     5851.483  3309.428  
0.155     5849.207  3312.891  
0.156     5847.095  3316.275  
0.156     5845.146  3319.579  
0.156     5843.363  3322.804  
0.156     5841.748  3325.949  
0.156     5840.301  3329.014  
0.156     5839.024  3331.999  
0.156     5837.919  3334.904  
0.156     5836.986  3337.730  
0.156     5836.228  3340.475  
0.156     5835.644  3343.140  
0.156     5835.236  3345.726  
0.157     5835.005  3348.232  
0.157     5834.952  3350.658  
0.157     5835.079  3353.005  
0.157     5835.385  3355.273  
0.157     5835.872  3357.462  
0.157     5836.541  3359.572  
0.157     5837.391  3361.604  
0.157     5838.425  3363.557  
0.157     5839.643  3365.433  
0.157     5841.044  3367.231  
0.157     5842.630  3368.952  
0.158     5844.401  3370.597  
0.158     5846.358  3372.165  
0.158     5848.501  3373.656  
0.158     5850.829  3375.072  
0.158     5853.345  3376.413  
0.158     5856.046  3377.679  
0.158     5858.935  3378.870  
0.158     5862.010  3379.987  
0.158     5865.273  3381.030  
0.158     5868.722  3382.000  
0.158     5872.358  3382.897  
0.158     5876.181  3383.722  
0.159     5880.191  3384.474  
0.159     5884.387  3385.155  
0.159     5888.769  3385.765  
0.159     5893.337  3386.304  
0.159     5898.091  3386.772  
0.159     5903.029  3387.170  
0.159     5908.153  3387.499  
0.159     5913.460  3387.759  
0.159     5918.952  3387.949  
0.159     5924.626  3388.072  
0.159     5930.483  3388.126  
0.160     5936.521  3388.112  
0.160     5942.741  3388.032  
0.160     5949.141  3387.884  
0.160     5955.721  3387.669  
0.160     5962.479  3387.389  
