Time      Mean      STD       
0.00001039          9998.99468732       0.69877521          
0.00002079          9998.99462263       0.69891462          
0.00004765          9998.99438599       0.69937391          
0.00007451          9998.99401443       0.69999976          
0.00016870          9998.99154317       0.70357862          
0.00035082          9998.98200861       0.71627652          
0.00053295          9998.96616482       0.73644768          
0.00115378          9998.86566154       0.85684126          
0.00177460          9998.69419797       1.04658973          
0.00239543          9998.44835351       1.29906088          
0.00301626          9998.12682714       1.61143223          
0.00363709          9997.72590773       1.98554439          
0.00425791          9997.24239612       2.42469585          
0.00487874          9996.66216945       2.94747616          
0.00549957          9996.00332933       3.52431141          
0.00646097          9994.78179353       4.58719409          
0.00742237          9993.29883712       5.86680686          
0.00838377          9991.52901543       7.38954327          
0.00934517          9989.40394597       9.21921652          
0.01030657          9986.86108240       11.44568559         
0.01220918          9980.59778341       16.80086985         
0.01411179          9972.16581236       23.98834518         
0.01601440          9960.88064330       33.56938264         
0.01791700          9945.81297851       46.32131657         
0.01981961          9925.75893931       63.27695626         
0.02172222          9898.96589636       85.69433871         
0.02509916          9828.42419076       144.25829672        
0.02847609          9713.25299723       238.29105926        
0.03099949          9583.11283392       342.24985171        
0.03352289          9397.68091993       486.79135002        
0.03604628          9139.02934829       679.78013705        
0.03856968          8781.74464101       931.21670066        
0.04109308          8301.68301766       1242.11178299       
0.04299473          7845.74418036       1508.24133772       
0.04489638          7303.35529438       1789.80736829       
0.04679802          6673.87305485       2069.43559623       
0.04869967          5971.27776601       2320.61751077       
0.05060132          5218.12562356       2514.88455870       
0.05250297          4448.71127474       2624.31064232       
0.05440462          3710.00824322       2630.91187680       
0.05584693          3200.99630950       2563.56548890       
0.05728924          2761.58946700       2440.27799476       
0.05873154          2411.87263681       2276.33637445       
0.06017385          2167.64171932       2097.13216836       
0.06161615          2039.60016565       1935.40799690       
0.06305846          2032.20698462       1826.24491408       
0.06450077          2141.84275593       1796.52112156       
0.06594307          2360.46643882       1848.69049938       
0.06701147          2585.52270651       1927.27635938       
0.06807986          2856.57201467       2025.75486617       
0.06914826          3166.24216179       2130.29165243       
0.07021665          3506.73573490       2230.51468868       
0.07128505          3870.37183617       2318.05261927       
0.07235344          4249.71339789       2387.53543502       
0.07342184          4637.61041973       2435.70640892       
0.07449023          5027.56199580       2461.70037032       
0.07555863          5413.61694365       2466.01292577       
0.07662702          5790.81488298       2449.95264415       
0.07769542          6155.20132313       2415.04322263       
0.07876381          6503.69837278       2363.54273301       
0.07983220          6834.08329785       2297.45451297       
0.08090060          7144.60695707       2219.66243643       
0.08196899          7434.16060314       2132.49718302       
0.08303739          7702.35728381       2038.18141604       
0.08410578          7949.05275415       1938.37425374       
0.08517418          8174.90714063       1834.84170246       
0.08624257          8380.48496974       1729.26256270       
0.08731097          8566.90835906       1623.07764445       
0.08837936          8735.31096542       1517.33847430       
0.08944776          8886.68396799       1413.00331719       
0.09051615          9022.14110213       1311.07781730       
0.09158455          9143.02970623       1212.41293857       
0.09265294          9250.43753142       1117.85654933       
0.09372134          9345.60834355       1027.97066154       
0.09478973          9429.77817765       943.08356840        
0.09585813          9503.89687295       863.80267430        
0.09692652          9569.00210702       790.49643669        
0.09799492          9626.07163386       723.21351979        
0.09906331          9675.98497085       661.86093874        
0.10013170          9719.53851704       606.35444028        
0.10120010          9757.44615960       556.61288072        
0.10226849          9790.34801027       512.38224672        
0.10333689          9818.89959709       473.23369511        
0.10440528          9843.61753886       438.54617840        
0.10547368          9864.98512956       407.86401129        
0.10654207          9883.39973028       380.85045882        
0.10761047          9899.25025796       357.01452308        
0.10867886          9912.86911037       335.80644441        
0.10974726          9924.53621413       316.74080755        
0.11081565          9934.49911766       299.48737400        
0.11188405          9942.94961747       283.71080620        
0.11295244          9950.08580262       269.22275037        
0.11402084          9956.03438928       255.94713649        
0.11508923          9960.92898402       243.74562355        
0.11615763          9964.89608501       232.67365264        
0.11722602          9967.96472085       222.90568821        
0.11829441          9970.24473854       214.51648329        
0.11936281          9971.73953035       207.68566768        
0.12043120          9972.51981313       202.36922683        
0.12149960          9972.54322757       198.71359235        
0.12256799          9971.86412167       196.53022438        
0.12363639          9970.40972494       195.85009779        
0.12470478          9968.16045225       196.60760352        
0.12577318          9965.08308665       198.82194331        
0.12684157          9961.05353693       202.94885435        
0.12790997          9956.03463982       209.12692169        
0.12897836          9949.85936053       218.42766946        
0.13004676          9942.42199758       231.19901747        
0.13111515          9933.50978543       248.71703205        
0.13218355          9923.04642618       271.07140805        
0.13325194          9910.63990725       299.51640894        
0.13432034          9896.25003760       333.69124507        
0.13538873          9879.40854218       374.46988190        
0.13645713          9859.97000802       421.27136072        
0.13752552          9837.50038440       474.92111278        
0.13859391          9811.73559502       534.85585639        
0.13966231          9782.24904582       601.59123927        
0.14073070          9748.55974715       675.00969572        
0.14179910          9710.39646763       755.31316084        
0.14286749          9667.23463736       842.20749752        
0.14393589          9618.68328723       935.90209125        
0.14500428          9564.24722135       1036.02947144       
0.14607268          9503.53007476       1142.23827172       
0.14714107          9436.23242526       1253.80121445       
0.14820947          9361.75144492       1370.66481331       
0.14927786          9280.13289771       1491.26250962       
0.15034626          9190.79419267       1615.03064814       
0.15141465          9093.72842970       1740.99587851       
0.15248305          8988.69219964       1868.10194747       
0.15355144          8875.88313261       1995.27057552       
0.15461984          8755.01967339       2121.68233813       
0.15568823          8626.60951092       2246.37535448       
0.15675663          8490.63866790       2368.45263114       
0.15782502          8347.78492323       2487.24119658       
0.15889341          8198.19507699       2602.01782759       
0.15996181          8042.78934563       2712.20191323       
0.16103020          7881.95289027       2817.23873082       
0.16209860          7716.90280616       2916.18138272       
0.16316699          7548.32628759       3008.68168215       
0.16423539          7377.52223930       3093.86233505       
0.16530378          7205.58728738       3171.16372254       
0.16637218          7033.78868689       3239.83768293       
0.16744057          6863.48213857       3299.28130329       
0.16850897          6696.16699356       3349.08088091       
0.16957736          6533.12964509       3389.04678415       
0.17064576          6375.81138717       3419.19486528       
0.17171415          6225.34327772       3439.80143663       
0.17278255          6083.09024094       3451.84804463       
0.17385094          5950.04323520       3455.99166818       
0.17491934          5827.15245643       3453.45622536       
0.17598773          5715.26580858       3445.42399311       
0.17705612          5615.15888589       3433.28306212       
0.17812452          5527.47522753       3418.25331226       
0.17919291          5452.55747883       3401.26615094       
0.18026131          5390.57338788       3383.86701881       
0.18132970          5341.88362188       3366.47143437       
0.18239810          5306.71727078       3349.47704135       
0.18346649          5285.11742324       3333.67510363       
0.18453489          5276.56089922       3319.52277591       
0.18560328          5280.88197077       3307.44060025       
0.18667168          5297.75601853       3297.61004572       
0.18774007          5326.86709876       3289.98087739       
0.18880847          5367.27641502       3284.69433557       
0.18987686          5418.69134876       3281.71453878       
0.19094526          5480.19842685       3280.52545200       
0.19201365          5551.22546611       3280.76732244       
0.19308205          5631.05363953       3281.61503065       
0.19415044          5718.86119906       3282.48000603       
0.19521884          5813.82753335       3282.71742545       
0.19628723          5915.17206827       3281.94727509       
0.19735562          6022.01380793       3279.46880392       
0.19842402          6133.67424575       3274.92293161       
0.19949241          6249.25814772       3268.10984769       
0.20056081          6368.15649693       3258.57684960       
0.20162920          6489.42092227       3246.29653917       
0.20269760          6612.34965730       3231.20081983       
0.20376599          6736.41106578       3212.81091355       
0.20483439          6861.10687723       3191.08646337       
0.20590278          6985.57053174       3165.97831632       
0.20697118          7109.37312380       3137.51288164       
0.20803957          7232.00411072       3105.76365241       
0.20910797          7353.15176122       3070.64571017       
0.21017636          7472.29365517       3032.49117611       
0.21124476          7589.06464498       2991.69061027       
0.21231315          7703.12118488       2948.66508198       
0.21338155          7814.25133809       2903.57398405       
0.21444994          7922.25949105       2856.60931290       
0.21551833          8026.89190361       2808.30310207       
0.21658673          8128.11789163       2758.60540796       
0.21765512          8225.84567881       2707.40914832       
0.21872352          8319.97639956       2654.78044899       
0.21979191          8410.48344690       2600.47482311       
0.22086031          8497.33342992       2544.48010893       
0.22192870          8580.55975823       2486.52176914       
0.22299710          8660.13529867       2426.89135183       
0.22406549          8736.05289982       2365.89336501       
0.22513389          8808.21043547       2304.03246102       
0.22620228          8876.65501541       2241.96102168       
0.22727068          8941.32285296       2180.34732918       
0.22833907          9002.33759756       2119.61260176       
0.22940747          9059.55717695       2060.66693451       
0.23047586          9113.07689209       2003.72724490       
0.23154426          9162.94656319       1948.85993085       
0.23261265          9209.25240161       1896.00846346       
0.23368105          9252.01251061       1845.13437336       
0.23474944          9291.24441154       1796.15385245       
0.23581783          9327.14352635       1748.56581017       
0.23688623          9359.71257913       1702.58131506       
0.23795462          9388.92258285       1658.80103964       
0.23902302          9414.81891763       1617.41695447       
0.24009141          9437.39869764       1579.07510597       
0.24115981          9456.66988354       1544.46763627       
0.24222820          9472.52698707       1514.73719747       
0.24329660          9485.06148753       1490.24339469       
0.24436499          9494.21512572       1471.62183881       
0.24543339          9499.88922262       1459.68621308       
0.24650178          9502.13950158       1454.54210974       
0.24757018          9500.96174148       1455.90841280       
0.24863857          9496.29685667       1463.94314352       
0.24970697          9488.18043539       1478.55680596       
0.25077536          9476.57986528       1499.08553176       
0.25184376          9461.55853924       1525.06614016       
0.25291215          9443.07653206       1556.35206725       
0.25398055          9421.10666398       1592.69064082       
0.25504894          9395.68723616       1633.46567356       
0.25611733          9366.81257155       1678.62649477       
0.25718573          9334.48668788       1727.64580818       
0.25825412          9298.74146418       1780.16073853       
0.25932252          9259.58205579       1835.83433673       
0.26039091          9217.07542448       1893.94760221       
0.26145931          9171.20187779       1954.11213989       
0.26252770          9122.07758433       2015.86517697       
0.26359610          9069.80814519       2078.52176516       
0.26466449          9014.31337001       2141.71553400       
0.26573289          8955.89799610       2205.06484980       
0.26680128          8894.40574497       2268.49609984       
0.26786968          8830.15914573       2331.53335340       
0.26893807          8763.15516159       2394.27989764       
0.27000647          8693.50477029       2456.96655477       
0.27107486          8621.46165487       2519.39151489       
0.27214326          8547.11451913       2581.76455567       
0.27321165          8470.70280048       2643.88303315       
0.27428004          8392.50299290       2705.67875824       
0.27534844          8312.86536186       2766.64561559       
0.27641683          8232.00459659       2826.54655940       
0.27748523          8150.57762567       2884.53828186       
0.27855362          8068.86429180       2940.15975706       
0.27962202          7987.24250750       2992.94614732       
0.28069041          7906.32931022       3042.17437664       
0.28175881          7826.48484131       3087.56622325       
0.28282720          7748.13693427       3128.48226675       
0.28389560          7671.88235803       3164.75423605       
0.28496399          7597.82581718       3196.31690744       
0.28603239          7526.40642756       3223.07771095       
0.28710078          7457.94318521       3245.17323290       
0.28816918          7392.59561825       3263.05825245       
0.28923757          7330.38201618       3277.39531839       
0.29030597          7271.68270338       3288.54010362       
0.29137436          7216.32728738       3297.45638049       
0.29244276          7164.35938438       3304.69836752       
0.29351115          7115.93680985       3310.95363324       
0.29457954          7071.04435410       3316.51950065       
0.29564794          7029.74841958       3321.67111758       
0.29671633          6992.16816644       3326.63193005       
0.29778473          6958.10658662       3331.58802133       
0.29885312          6927.89035327       3336.14585542       
0.29992152          6901.47865661       3340.03690342       
0.30098991          6879.13242053       3342.85482120       
0.30205831          6860.76877243       3344.78564387       
0.30312670          6846.41277472       3345.52033686       
0.30419510          6836.17099358       3344.89086117       
0.30526349          6829.90886883       3343.24233582       
0.30633189          6827.60457303       3340.42865116       
0.30740028          6829.24021089       3336.53519447       
0.30846868          6834.74953507       3331.81700461       
0.30953707          6843.76984704       3326.32038351       
0.31060547          6856.50163880       3320.28309856       
0.31167386          6872.47256233       3313.80596901       
0.31274225          6891.68979248       3307.16483865       
0.31381065          6913.83924020       3300.62287950       
0.31487904          6938.88241069       3294.24611321       
0.31594744          6966.64256079       3288.14187951       
0.31701583          6996.97512810       3282.28447058       
0.31808423          7029.76384702       3276.65759000       
0.31915262          7064.82445159       3270.65884076       
0.32022102          7102.35324741       3264.32277583       
0.32128941          7141.83432136       3256.90537138       
0.32235781          7183.50408188       3248.25756422       
0.32342620          7226.99278670       3237.81153736       
0.32449460          7272.40161497       3225.24302638       
0.32556299          7319.41830438       3210.35303751       
0.32663139          7367.95676036       3193.24034733       
0.32769978          7417.60114052       3174.26872327       
0.32876818          7468.24522849       3153.50955902       
0.32983657          7519.64118674       3131.53300739       
0.33090497          7571.33753237       3109.08731292       
0.33197336          7623.19179579       3086.70148044       
0.33304175          7674.94361190       3064.55915130       
0.33411015          7726.41411322       3042.89654422       
0.33517854          7777.50543255       3021.67772489       
0.33624694          7827.92069194       3000.95530224       
0.33731533          7877.68728659       2980.26324534       
0.33838373          7926.60769220       2959.46395135       
0.33945212          7974.69385324       2938.24828957       
0.34052052          8021.96735932       2916.32838280       
0.34158891          8068.16642862       2893.85454003       
0.34265731          8113.32810079       2870.90202772       
0.34372570          8157.41163582       2847.22240143       
0.34479410          8200.30112458       2822.98079385       
0.34586249          8241.99492996       2798.22612227       
0.34693089          8282.23858277       2773.04109154       
0.34799928          8321.02794137       2747.62306724       
0.34906768          8358.24740512       2721.81541489       
0.35013607          8393.89119296       2695.55326612       
0.35120447          8427.80813492       2669.42297493       
0.35227286          8459.67905689       2644.13493619       
0.35334125          8489.48857868       2620.00046811       
0.35440965          8517.27018785       2597.13872211       
0.35547804          8542.81103975       2576.21710820       
0.35654644          8566.04123840       2557.84907925       
0.35761483          8586.86925276       2542.23144944       
0.35868323          8605.25719860       2529.51824026       
0.35975162          8621.31807833       2519.54935579       
0.36082002          8635.04118537       2512.28543244       
0.36188841          8646.44820909       2507.73882572       
0.36295681          8655.64398108       2505.61205893       
0.36402520          8662.75615691       2505.49554040       
0.36509360          8667.77255505       2507.22768987       
0.36616199          8670.98680644       2510.21730901       
0.36723039          8672.30580107       2514.16075691       
0.36829878          8671.94000587       2518.34010625       
0.36936718          8670.00695678       2522.19657299       
0.37043557          8666.50577749       2525.45394134       
0.37150396          8661.45678047       2527.75085427       
0.37257236          8654.82985932       2529.06658678       
0.37364075          8646.53495044       2529.80549343       
0.37470915          8636.56035230       2530.43228986       
0.37577754          8624.67662572       2531.78914814       
0.37684594          8610.80852708       2534.82237643       
0.37791433          8594.72681393       2540.77476062       
0.37898273          8576.38932245       2550.13212770       
0.38005112          8555.82978721       2563.42657098       
0.38111952          8532.78994477       2581.38306712       
0.38218791          8507.53153384       2603.51883898       
0.38325631          8480.06849841       2629.53893896       
0.38432470          8450.64248748       2658.47505361       
0.38539310          8419.41980335       2689.53417385       
0.38646149          8386.69274363       2721.92191090       
0.38752989          8352.71689269       2754.71375929       
0.38859828          8317.78118940       2786.99081931       
0.38966668          8282.35309244       2818.20421342       
0.39073507          8246.47007811       2848.10024427       
0.39180346          8210.60840170       2876.39272071       
0.39287186          8174.75179290       2902.99547827       
0.39394025          8139.46608605       2927.97540288       
0.39500865          8104.61801819       2951.28667893       
0.39607704          8070.70376193       2973.01438953       
0.39714544          8037.56927391       2992.78757057       
0.39821383          8005.81576985       3010.50570086       
0.39928223          7974.96616641       3026.33193094       
0.40035062          7945.48379906       3039.85979701       
0.40141902          7917.49922255       3050.72655532       
0.40248741          7890.79362295       3059.39464256       
0.40355581          7865.45234613       3066.18036536       
0.40462420          7841.37810612       3071.18384138       
0.40569260          7818.55368292       3074.81372861       
0.40676099          7796.94392615       3077.50788507       
0.40782939          7776.36303532       3080.07312610       
0.40889778          7756.52838387       3082.88451502       
0.40996617          7737.60344078       3086.15747235       
0.41103457          7719.55495707       3090.04975148       
0.41210296          7702.08656718       3094.94839467       
0.41317136          7685.52942464       3100.76818822       
0.41423975          7669.57982640       3107.58217135       
0.41530815          7654.52389359       3115.41780265       
0.41637654          7640.26199519       3123.66422193       
0.41744494          7627.19313018       3132.05761340       
0.41851333          7615.18906457       3140.23995967       
0.41958173          7604.35289815       3147.81105990       
0.42065012          7595.06513882       3154.18655290       
0.42171852          7587.12380825       3159.12605830       
0.42278691          7580.87597797       3162.34385888       
0.42385531          7576.06534086       3164.12081896       
0.42492370          7572.93306363       3164.08318891       
0.42599210          7571.53204396       3162.60664365       
0.42706049          7571.51444689       3160.08690923       
0.42812889          7573.03112518       3156.91382487       
0.42919728          7575.90457588       3153.07334260       
0.43026567          7580.21547834       3148.76013399       
0.43133407          7585.68697052       3144.18483955       
0.43240246          7592.34820841       3139.46199570       
0.43347086          7600.01341219       3134.27998848       
0.43453925          7608.77366704       3128.55499511       
0.43560765          7618.39729186       3122.52119384       
0.43667604          7628.68979713       3116.05810899       
0.43774444          7639.95816484       3109.30560812       
0.43881283          7651.73677209       3102.53310829       
0.43988123          7664.02056337       3096.07856098       
0.44094962          7676.74195349       3090.22625412       
0.44201802          7689.86668862       3084.92768465       
0.44308641          7703.36671796       3080.27095590       
0.44415481          7717.14732696       3076.34651489       
0.44522320          7731.24401254       3073.03635023       
0.44629160          7745.75003994       3069.98352843       
0.44735999          7760.60096532       3067.21325836       
0.44842839          7775.84736252       3064.33770651       
0.44949678          7791.57794581       3061.15446495       
0.45056517          7807.78559024       3057.32801993       
0.45163357          7824.69787610       3052.31009892       
0.45270196          7842.03611459       3046.33587790       
0.45377036          7859.90173555       3038.99111896       
0.45483875          7878.32671655       3030.10355700       
0.45590715          7897.29625532       3019.49199661       
0.45697554          7916.52336936       3007.63433172       
0.45804394          7936.09798171       2994.10238063       
0.45911233          7955.77455377       2979.64145965       
0.46018073          7975.18888820       2964.41571156       
0.46124912          7994.62516977       2948.63531745       
0.46231752          8013.44768262       2932.89936057       
0.46338591          8031.72885425       2917.81910661       
0.46445431          8049.09934116       2904.01631855       
0.46552270          8065.63282497       2891.90395303       
0.46659110          8080.96567603       2881.99111972       
0.46765949          8095.25587023       2874.52159465       
0.46872788          8108.33165428       2869.53040773       
0.46979628          8120.18415506       2866.96439669       
0.47086467          8130.94342457       2866.30824532       
0.47193307          8140.78191245       2866.78679113       
0.47300146          8149.74010992       2868.09801193       
0.47406986          8157.83830868       2869.60799235       
0.47513825          8165.52634658       2870.49951247       
0.47620665          8172.48427914       2870.77216905       
0.47727504          8179.15525662       2870.17973675       
0.47834344          8185.32588898       2868.68933054       
0.47941183          8191.23710985       2866.29991377       
0.48048023          8196.78681688       2863.33249115       
0.48154862          8201.99975167       2859.56874393       
0.48261702          8206.88600818       2855.63093169       
0.48368541          8211.23001401       2851.35495684       
0.48475381          8215.27843626       2846.65716956       
0.48582220          8218.72375938       2841.76941007       
0.48689060          8221.64045526       2836.59921354       
0.48795899          8223.87432085       2831.23266187       
0.48902738          8225.39903808       2825.80410046       
0.49009578          8225.96812793       2820.76936900       
0.49116417          8225.63020202       2816.38090503       
0.49223257          8224.18832702       2812.74326139       
0.49330096          8221.58413853       2810.40419241       
0.49436936          8217.73164464       2809.83979665       
0.49543775          8212.57820634       2811.12026512       
0.49650615          8206.04595631       2814.54758547       
0.49757454          8198.22349841       2820.13768586       
0.49864294          8189.04387315       2827.78816068       
0.49971133          8178.59226356       2837.23561804       
0.50077973          8167.21495538       2847.96144709       
0.50184812          8154.71798133       2859.71440532       
0.50291652          8141.36368226       2872.47543504       
0.50398491          8127.27815913       2885.70572235       
0.50505331          8112.65948962       2899.36850811       
0.50612170          8097.62268099       2913.26291166       
0.50719009          8082.45314161       2927.34307584       
0.50825849          8067.21073293       2941.47367015       
0.50932688          8052.15582972       2955.77539174       
0.51039528          8037.28552742       2969.93249110       
0.51146367          8023.07885807       2983.64140283       
0.51253207          8009.46332459       2996.53681101       
0.51360046          7996.81941272       3008.17275538       
0.51466886          7985.18468100       3018.03014180       
0.51573725          7974.73046369       3025.99764314       
0.51680565          7965.52734862       3031.52879738       
0.51787404          7957.75261721       3034.31949044       
0.51894244          7951.18494663       3034.65543561       
0.52001083          7945.83887570       3032.60210646       
0.52107923          7941.70658680       3028.12068735       
0.52214762          7938.57406727       3021.76103651       
0.52321602          7936.35610540       3013.69247190       
0.52428441          7934.64464538       3004.68661506       
0.52535281          7933.37417122       2994.98753727       
0.52642120          7932.26623486       2985.27276147       
0.52748959          7931.04076071       2976.23231513       
0.52855799          7929.45083572       2968.48559599       
0.52962638          7927.29801921       2962.78470154       
0.53069478          7924.48963444       2959.50672277       
0.53176317          7920.88874709       2959.21475661       
0.53283157          7916.42291082       2961.96844760       
0.53389996          7911.17377821       2967.88830107       
0.53496836          7905.14441862       2976.50532875       
0.53603675          7898.59863586       2987.20250735       
0.53710515          7891.65131619       2999.46285348       
0.53817354          7884.52419830       3012.14164969       
0.53924194          7877.51836829       3024.54564987       
0.54031033          7870.89460188       3035.63578509       
0.54137873          7864.77636587       3045.02264618       
0.54244712          7859.45430428       3052.24368448       
0.54351552          7854.96776122       3057.14136465       
0.54458391          7851.41235294       3059.75938730       
0.54565230          7848.84898644       3060.09938236       
0.54672070          7847.28036072       3058.41054067       
0.54778909          7846.67323983       3055.26333269       
0.54885749          7846.82531291       3050.92290136       
0.54992588          7847.79828915       3046.17245151       
0.55099428          7849.25554131       3041.58049384       
0.55206267          7851.31173182       3037.37971374       
0.55313107          7853.85650890       3033.76138367       
0.55419946          7856.65744805       3031.23656808       
0.55526786          7859.84831492       3029.32767021       
0.55633625          7863.29815202       3027.84985888       
0.55740465          7867.12244644       3026.38844036       
0.55847304          7871.19781975       3024.60888598       
0.55954144          7875.54640145       3021.94391196       
0.56060983          7880.21301959       3018.24020624       
0.56167823          7885.08012513       3013.61442107       
0.56274662          7890.02441733       3008.41808426       
0.56381502          7895.07036848       3002.97493203       
0.56488341          7900.01504175       2997.61681189       
0.56595180          7904.94678930       2992.83257806       
0.56702020          7909.59279820       2988.81859760       
0.56808859          7914.03327618       2986.14886554       
0.56915699          7918.19569492       2984.51254249       
0.57022538          7922.11029450       2984.09867682       
0.57129378          7925.70502604       2984.77753957       
0.57236217          7929.16934622       2986.37239613       
0.57343057          7932.45556022       2988.69200831       
0.57449896          7935.73169830       2991.61555397       
0.57556736          7939.04931670       2994.94005876       
0.57663575          7942.51936703       2998.33575533       
0.57770415          7946.21922062       3001.56922691       
0.57877254          7950.38852682       3004.05789626       
0.57984094          7955.02487372       3005.76805563       
0.58090933          7960.23151699       3006.31789147       
0.58197773          7966.05277958       3005.45190468       
0.58304612          7972.59534358       3003.22873046       
0.58411452          7979.65715511       2999.59809664       
0.58518291          7987.57767741       2994.34671746       
0.58625130          7995.93503634       2987.65175909       
0.58731970          8004.97532557       2979.60232363       
0.58838809          8014.18657494       2970.50940106       
0.58945649          8023.88469179       2960.20325341       
0.59052488          8033.69252685       2948.75179815       
0.59159328          8043.36229448       2936.74911278       
0.59266167          8052.88270549       2924.32164799       
0.59373007          8061.81416593       2911.54511738       
0.59479846          8070.31576465       2898.87230241       
0.59586686          8077.78722835       2886.98664456       
0.59693525          8084.34581121       2876.28126991       
0.59800365          8089.54425925       2867.56201546       
0.59907204          8093.39138525       2861.05204322       
0.60014044          8095.80871873       2857.04232324       
0.60120883          8096.63515833       2856.19525556       
0.60227723          8095.82269479       2858.39664485       
0.60334562          8093.51387805       2863.42104697       
0.60441401          8089.79899936       2871.10311622       
0.60548241          8084.75883447       2880.87018830       
0.60655080          8078.54226320       2892.15230911       
0.60761920          8071.50889540       2904.25110661       
0.60868759          8063.69634026       2916.50810702       
0.60975599          8055.38408414       2928.54783437       
0.61082438          8046.79260388       2939.83993005       
0.61189278          8037.96604808       2950.17057564       
0.61296117          8029.37896712       2959.18010037       
0.61402957          8020.74313998       2967.09556137       
0.61509796          8012.58440667       2974.02399931       
0.61616636          8004.55760460       2980.15207276       
0.61723475          7997.13340159       2985.70867877       
0.61830315          7990.14237483       2990.77904182       
0.61937154          7983.78040112       2995.68265842       
0.62043994          7977.93846003       3000.59109620       
0.62150833          7972.77131364       3005.42664571       
0.62257673          7968.42857211       3010.06075898       
0.62364512          7964.82265239       3014.32667889       
0.62471351          7962.12512070       3017.89761915       
0.62578191          7960.47251107       3020.32545840       
0.62685030          7959.66751442       3021.44193693       
0.62791870          7959.91955871       3020.91569045       
0.62898709          7961.20169452       3018.36250418       
0.63005549          7963.37580729       3013.94897643       
0.63112388          7966.49237314       3007.55008195       
0.63219228          7970.30010265       2999.40029017       
0.63326067          7974.70093643       2990.25945803       
0.63432907          7979.37555420       2980.30300649       
0.63539746          7984.39734390       2970.12136807       
0.63646586          7989.32586049       2960.54135554       
0.63753425          7994.10165773       2951.69821241       
0.63860265          7998.54084873       2944.20560709       
0.63967104          8002.53641573       2938.14021400       
0.64073944          8005.85617702       2933.60192295       
0.64180783          8008.59064369       2930.36383443       
0.64287622          8010.52410007       2928.32565181       
0.64394462          8011.74371198       2927.22527161       
0.64501301          8012.20137661       2926.66943546       
0.64608141          8011.88664787       2926.58263559       
0.64714980          8010.77908411       2926.89142706       
0.64821820          8008.94678579       2927.69094508       
0.64928659          8006.23262073       2929.08330964       
0.65035499          8002.77525443       2931.31609938       
0.65142338          7998.60591568       2934.50531581       
0.65249178          7993.62810303       2938.95682150       
0.65356017          7988.12379931       2944.64304316       
0.65462857          7981.93957591       2951.71645562       
0.65569696          7975.34674244       2960.12476256       
0.65676536          7968.38213961       2969.58707719       
0.65783375          7961.25508099       2979.85351534       
0.65890215          7954.18144248       2990.61507907       
0.65997054          7947.27425516       3001.56330535       
0.66103894          7940.78438216       3012.20913073       
0.66210733          7934.88853524       3022.08298914       
0.66317572          7929.75857417       3030.95431758       
0.66424412          7925.60999103       3038.33603607       
0.66531251          7922.55515258       3043.64331180       
0.66638091          7920.79984201       3046.58852252       
0.66744930          7920.17597704       3046.91575322       
0.66851770          7920.91643487       3044.31561260       
0.66958609          7922.77702406       3038.98491150       
0.67065449          7925.79725996       3031.03721527       
0.67172288          7929.76980504       3020.77613224       
0.67279128          7934.44828896       3009.15712035       
0.67385967          7939.53617373       2996.94498947       
0.67492807          7944.87729893       2985.02400741       
0.67599646          7950.21409328       2974.23122786       
0.67706486          7955.34038956       2965.13558538       
0.67813325          7960.03129396       2958.31426440       
0.67920165          7964.21253663       2953.87945260       
0.68027004          7967.81737176       2951.54900036       
0.68133844          7970.84772111       2951.07993239       
0.68240683          7973.24951433       2952.15372814       
0.68347522          7975.12586506       2954.09863020       
0.68454362          7976.46582262       2956.50343378       
0.68561201          7977.50002786       2959.14809315       
0.68668041          7978.06502604       2961.64802316       
0.68774880          7978.48905645       2964.00875456       
0.68881720          7978.62673908       2966.18754519       
0.68988559          7978.62674710       2968.27430070       
0.69095399          7978.52883369       2970.32954991       
0.69202238          7978.28194643       2972.11751932       
0.69309078          7978.15170187       2973.66061904       
0.69415917          7977.88437885       2974.84274090       
0.69522757          7977.72490501       2975.58200953       
0.69629596          7977.72052838       2975.72798554       
0.69736436          7977.69449001       2975.26189328       
0.69843275          7977.73907637       2974.73432983       
0.69950115          7977.82241686       2973.91170621       
0.70056954          7977.93701908       2973.07607506       
0.70163793          7978.02754268       2972.53347103       
0.70270633          7978.10372190       2972.30349290       
0.70377472          7978.17752644       2972.36282090       
0.70484312          7978.24163270       2972.72234100       
0.70591151          7978.30569432       2973.50666698       
0.70697991          7978.30518776       2974.36015511       
0.70804830          7978.45898512       2975.20046504       
0.70911670          7978.55868522       2976.01636572       
0.71018509          7978.79512999       2976.63658476       
0.71125349          7979.12577953       2976.99886043       
0.71232188          7979.56848850       2977.11730369       
0.71339028          7980.13835098       2977.05233954       
0.71445867          7980.77200270       2977.16577039       
0.71552707          7981.50636771       2977.11172970       
0.71659546          7982.45036068       2976.86285655       
0.71766386          7983.52807606       2976.74626076       
0.71873225          7984.71202359       2976.52340066       
0.71980065          7986.12719890       2976.08232754       
0.72086904          7987.62503654       2975.29676070       
0.72193743          7989.21753983       2974.00697504       
0.72300583          7991.00223119       2971.90586806       
0.72407422          7992.89484657       2968.86989467       
0.72514262          7994.81484211       2964.81215024       
0.72621101          7996.77028612       2959.79226064       
0.72727941          7998.47112126       2954.21190426       
0.72834780          7999.97787048       2948.22688396       
0.72941620          8001.11944771       2942.10544086       
0.73048459          8001.65921578       2936.70806705       
0.73155299          8001.68576085       2932.33752298       
0.73262138          8000.86071812       2929.58020374       
0.73368978          7999.34498945       2928.94035173       
0.73475817          7996.96092368       2930.69093777       
0.73582657          7993.65509683       2935.27322020       
0.73689496          7989.67421611       2942.12553186       
0.73796336          7985.13962721       2951.20478294       
0.73903175          7979.94633598       2961.98711763       
0.74010014          7974.71492183       2973.51677565       
0.74116854          7969.35157271       2984.96354233       
0.74223693          7964.28058406       2995.43797973       
0.74330533          7959.70096044       3004.27073053       
0.74437372          7955.53776869       3011.04743977       
0.74544212          7952.11860984       3015.62883644       
0.74651051          7949.46573328       3017.46420098       
0.74757891          7947.71848814       3016.81680903       
0.74864730          7946.73700898       3014.15675657       
0.74971570          7946.43934017       3010.29368917       
0.75078409          7946.76391387       3005.58841200       
0.75185249          7947.63372485       3000.70604406       
0.75292088          7948.83183797       2996.26959937       
0.75398928          7950.30271346       2992.78390656       
0.75505767          7952.03449546       2990.04956738       
0.75612607          7954.02241372       2988.25854791       
0.75719446          7956.05256345       2987.53091879       
0.75826286          7958.26936110       2987.36821499       
0.75933125          7960.62248490       2987.22658879       
0.76039964          7963.25018850       2986.73642205       
0.76146804          7965.92376846       2985.66624994       
0.76253643          7968.94835009       2983.72835743       
0.76360483          7972.00055363       2980.82346903       
0.76467322          7975.31683006       2976.94494195       
0.76574162          7978.60458683       2972.43920425       
0.76681001          7981.90742789       2967.48403102       
0.76787841          7985.16495130       2962.33488725       
0.76894680          7988.18447545       2957.39988975       
0.77001520          7990.93345183       2952.92222738       
0.77108359          7993.33981683       2949.10378230       
0.77215199          7995.30287424       2946.19482400       
0.77322038          7996.76296569       2944.24639366       
0.77428878          7997.79001070       2943.34633136       
0.77625207          7998.32133647       2944.30816903       
0.77769302          7997.64855861       2947.23935678       
0.77913398          7996.15803450       2951.66328714       
0.78057493          7994.11172858       2957.21191485       
0.78201589          7991.62416419       2963.57797088       
0.78345685          7988.89764947       2970.19013264       
0.78575318          7984.95128388       2980.18205497       
0.78804951          7981.96868725       2987.42945352       
0.79034585          7980.74783541       2989.65681643       
0.79264218          7981.53404971       2985.82761349       
0.79493851          7983.78218320       2977.43339377       
0.79723485          7986.84597267       2967.60414821       
0.79953118          7989.77475245       2960.27555677       
0.80182751          7991.77287973       2958.33058589       
0.80412385          7992.83710638       2961.30217043       
0.80642018          7993.27228602       2966.56562067       
0.80812294          7993.50792596       2970.16419269       
0.80982570          7993.94489639       2972.26237201       
0.81152846          7994.75382922       2972.84567762       
0.81323122          7995.88478828       2972.46315729       
0.81493398          7997.43906937       2971.63113864       
0.81663674          7999.40991485       2970.11508138       
0.81833950          8001.67854930       2967.63456550       
0.82004226          8004.17736347       2963.48934096       
0.82174502          8006.83685730       2956.71688266       
0.82344778          8009.01230961       2948.58235909       
0.82515054          8010.49760167       2939.60595185       
0.82637165          8010.87004070       2933.92691341       
0.82759276          8010.39637492       2929.53082696       
0.82881387          8009.01851396       2927.34463310       
0.83003498          8006.60683534       2927.50352585       
0.83125609          8003.08120115       2930.23332226       
0.83247721          7998.57307720       2935.42049903       
0.83369832          7993.16393362       2942.79434367       
0.83459562          7988.70511012       2949.42817071       
0.83549292          7983.78531665       2956.68350549       
0.83639022          7978.85800664       2964.38892365       
0.83728753          7973.68186075       2972.09261423       
0.83818483          7969.18869745       2980.14224549       
0.83908213          7974.35697682       2983.46673772       
0.83997943          7981.47518520       2982.37612365       
