Time      Mean      STD       
0.00000000          9999.99980008       1.99985002          
0.00100000          9999.92861189       2.03637915          
0.00200000          9999.71343286       2.15732968          
0.00300000          9999.34938336       2.39225706          
0.00400000          9998.82820936       2.77738277          
0.00500000          9998.13809767       3.34439024          
0.00600000          9997.26341186       4.11712732          
0.00700000          9996.18434328       5.11541189          
0.00800000          9994.87646978       6.36016711          
0.00900000          9993.31021312       7.87681465          
0.01000000          9991.45018383       9.69703072          
0.01100000          9989.25440025       11.85973380         
0.01200000          9986.67336629       14.41188455         
0.01300000          9983.64898990       17.40935958         
0.01400000          9980.11332163       20.91799752         
0.01500000          9975.98709022       25.01485255         
0.01600000          9971.17800903       29.78967039         
0.01700000          9965.57882479       35.34659647         
0.01800000          9959.06507739       41.80612501         
0.01900000          9951.49253739       49.30729578         
0.02000000          9942.69428656       58.01014162         
0.02100000          9932.47740635       68.09838195         
0.02200000          9920.61924066       79.78234601         
0.02300000          9906.86320316       93.30209172         
0.02400000          9890.91410653       108.93066144        
0.02500000          9872.43300343       126.97738218        
0.02600000          9851.03154715       147.79107324        
0.02700000          9826.26590690       171.76296663        
0.02800000          9797.63031068       199.32907324        
0.02900000          9764.55033980       230.97163900        
0.03000000          9726.37616732       267.21923065        
0.03100000          9682.37602100       308.64487133        
0.03200000          9631.73026153       355.86151839        
0.03300000          9573.52660256       409.51404850        
0.03400000          9506.75715842       470.26680504        
0.03500000          9430.31818683       538.78569402        
0.03600000          9343.01358811       615.71381836        
0.03700000          9243.56341634       701.63975824        
0.03800000          9130.61882656       797.05788167        
0.03900000          9002.78499477       902.32054988        
0.04000000          8858.65355801       1017.58280326       
0.04100000          8696.84597992       1142.74108782       
0.04200000          8516.06889464       1277.36878689       
0.04300000          8315.18186588       1420.65268285       
0.04400000          8093.27708152       1571.33585335       
0.04500000          7849.76928170       1727.67370979       
0.04600000          7584.49273213       1887.41067187       
0.04700000          7297.80040997       2047.78508851       
0.04800000          6990.65893817       2205.56924436       
0.04900000          6664.73141866       2357.14950932       
0.05000000          6322.43944411       2498.64891408       
0.05100000          5966.99547461       2626.09086586       
0.05200000          5602.39765648       2735.59872952       
0.05300000          5233.38112736       2823.62210201       
0.05400000          4865.32283340       2887.17736884       
0.05500000          4504.10064442       2924.08805425       
0.05600000          4155.91169809       2933.20986652       
0.05700000          3827.05893631       2914.62614729       
0.05800000          3523.71818954       2869.80109259       
0.05900000          3251.70045437       2801.67934494       
0.06000000          3016.22487795       2714.71919531       
0.06100000          2821.71728901       2614.83968088       
0.06200000          2671.64699489       2509.24654027       
0.06300000          2568.41128741       2406.07951084       
0.06400000          2513.27309126       2313.80745810       
0.06500000          2506.35293674       2240.32396175       
0.06600000          2546.67241588       2191.81193747       
0.06700000          2632.24287989       2171.64926995       
0.06800000          2760.19062560       2179.78213013       
0.06900000          2926.90832658       2212.88868368       
0.07000000          3128.22198587       2265.27963371       
0.07100000          3359.56310619       2330.13122352       
0.07200000          3616.13690161       2400.59998679       
0.07300000          3893.07898677       2470.57575403       
0.07400000          4185.59484866       2535.05763135       
0.07500000          4489.07832637       2590.25326444       
0.07600000          4799.20713408       2633.51587450       
0.07700000          5112.01504358       2663.20413560       
0.07800000          5423.94162703       2678.51621415       
0.07900000          5731.86142211       2679.32490767       
0.08000000          6033.09502563       2666.02634027       
0.08100000          6325.40498050       2639.40699517       
0.08200000          6606.97943802       2600.53009378       
0.08300000          6876.40650582       2550.64058963       
0.08400000          7132.64198215       2491.08729354       
0.08500000          7374.97287771       2423.26035973       
0.08600000          7602.97877767       2348.54229233       
0.08700000          7816.49273133       2268.27066512       
0.08800000          8015.56300048       2183.71083493       
0.08900000          8200.41666669       2096.03704721       
0.09000000          8371.42580311       2006.32046908       
0.09100000          8529.07666419       1915.52283271       
0.09200000          8673.94213727       1824.49452361       
0.09300000          8806.65753336       1733.97609948       
0.09400000          8927.89966539       1644.60237132       
0.09500000          9038.36906821       1556.90831556       
0.09600000          9138.77514939       1471.33621251       
0.09700000          9229.82401849       1388.24352037       
0.09800000          9312.20872110       1307.91109460       
0.09900000          9386.60159704       1230.55144978       
0.10000000          9453.64848671       1156.31683593       
0.10100000          9513.96452200       1085.30696364       
0.10200000          9568.13125634       1017.57626406       
0.10300000          9616.69490922       953.14061186        
0.10400000          9660.16552367       891.98347268        
0.10500000          9699.01685806       834.06146311        
0.10600000          9733.68685614       779.30933125        
0.10700000          9764.57856067       727.64438218        
0.10800000          9792.06135582       678.97038401        
0.10900000          9816.47244133       633.18100024        
0.11000000          9838.11845770       590.16280198        
0.11100000          9857.27719561       549.79792155        
0.11200000          9874.19933514       511.96641771        
0.11300000          9889.11017109       476.54843429        
0.11400000          9902.21128918       443.42624899        
0.11500000          9913.68216593       412.48633135        
0.11600000          9923.68167087       383.62155823        
0.11700000          9932.34945494       356.73377692        
0.11800000          9939.80721303       331.73695892        
0.11900000          9946.15981208       308.56125327        
0.12000000          9951.49627859       287.15831663        
0.12100000          9955.89064173       267.50834638        
0.12200000          9959.40263018       249.62921296        
0.12300000          9962.07822205       233.58786140        
0.12400000          9963.95004929       219.51351495        
0.12500000          9965.03765899       207.61086550        
0.12600000          9965.34763631       198.16914760        
0.12700000          9964.87359538       191.56015867        
0.12800000          9963.59604735       188.21687365        
0.12900000          9961.48215753       188.58816569        
0.13000000          9958.48540747       193.07700258        
0.13100000          9954.54518170       201.98416707        
0.13200000          9949.58630422       215.48294548        
0.13300000          9943.51855461       233.63429864        
0.13400000          9936.23620021       256.42919188        
0.13500000          9927.61758623       283.83481039        
0.13600000          9917.52483192       315.82806468        
0.13700000          9905.80368637       352.41184653        
0.13800000          9892.28360191       393.61730511        
0.13900000          9876.77808626       439.49753911        
0.14000000          9859.08539556       490.11716507        
0.14100000          9838.98962919       545.54058248        
0.14200000          9816.26228258       605.82044682        
0.14300000          9790.66430689       670.98705964        
0.14400000          9761.94871270       741.03896950        
0.14500000          9729.86374020       815.93489304        
0.14600000          9694.15660027       895.58699894        
0.14700000          9654.57776914       979.85558294        
0.14800000          9610.88579655       1068.54516499       
0.14900000          9562.85256226       1161.40204272       
0.15000000          9510.26889105       1258.11333359       
0.15100000          9452.95041302       1358.30752708       
0.15200000          9390.74353435       1461.55655011       
0.15300000          9323.53136691       1567.37932182       
0.15400000          9251.23945239       1675.24674154       
0.15500000          9173.84111042       1784.58801770       
0.15600000          9091.36224040       1894.79821123       
0.15700000          9003.88541399       2005.24683876       
0.15800000          8911.55310942       2115.28736231       
0.15900000          8814.56995991       2224.26738360       
0.16000000          8713.20391594       2331.53936037       
0.16100000          8607.78625427       2436.47166476       
0.16200000          8498.71040517       2538.45980460       
0.16300000          8386.42961171       2636.93762052       
0.16400000          8271.45347953       2731.38824626       
0.16500000          8154.34352130       2821.35456018       
0.16600000          8035.70784187       2906.44874584       
0.16700000          7916.19514529       2986.36040349       
0.16800000          7796.48826467       3060.86241452       
0.16900000          7677.29741334       3129.81349434       
0.17000000          7559.35332054       3193.15615455       
0.17100000          7443.40033951       3250.90875647       
0.17200000          7330.18949770       3303.15061194       
0.17300000          7220.47130441       3349.99978363       
0.17400000          7114.98796066       3391.58437865       
0.17500000          7014.46446194       3428.00960057       
0.17600000          6919.59799128       3459.32436401       
0.17700000          6831.04501361       3485.49250528       
0.17800000          6749.40564051       3506.37415057       
0.17900000          6675.20515400       3521.72234706       
0.18000000          6608.87304466       3531.19856128       
0.18100000          6550.72048363       3534.40830875       
0.18200000          6500.91773020       3530.95542428       
0.18300000          6459.47347693       3520.51082452       
0.18400000          6426.21845260       3502.88949602       
0.18500000          6400.79565861       3478.12811669       
0.18600000          6382.65936086       3446.55520993       
0.18700000          6371.08439984       3408.84588639       
0.18800000          6365.18656618       3366.05382482       
0.18900000          6363.95381078       3319.61402230       
0.19000000          6366.28703539       3271.31102704       
0.19100000          6371.04826764       3223.20912570       
0.19200000          6377.11327764       3177.54378697       
0.19300000          6383.42522628       3136.57809381       
0.19400000          6389.04579505       3102.43408705       
0.19500000          6393.20043731       3076.91614276       
0.19600000          6395.31487653       3061.34969323       
0.19700000          6395.04069140       3056.46083031       
0.19800000          6392.26868607       3062.31809048       
0.19900000          6387.12965397       3078.34677251       
0.20000000          6379.98301747       3103.41145329       
0.20100000          6371.39459128       3135.94901064       
0.20200000          6362.10532009       3174.12691710       
0.20300000          6352.99325134       3216.00143261       
0.20400000          6345.03121174       3259.65601107       
0.20500000          6339.24267308       3303.30850371       
0.20600000          6336.65814360       3345.38359285       
0.20700000          6338.27414044       3384.55263079       
0.20800000          6345.01642697       3419.74632268       
0.20900000          6357.70877533       3450.14692030       
0.21000000          6377.04807669       3475.16648300       
0.21100000          6403.58620056       3494.41693784       
0.21200000          6437.71862394       3507.67656502       
0.21300000          6479.67952773       3514.85639998       
0.21400000          6529.54280196       3515.96900313       
0.21500000          6587.22821487       3511.10115201       
0.21600000          6652.51188224       3500.39127208       
0.21700000          6725.04011749       3484.01183828       
0.21800000          6804.34573949       3462.15654086       
0.21900000          6889.86595560       3435.03170505       
0.22000000          6980.96101096       3402.85126840       
0.22100000          7076.93289090       3365.83453726       
0.22200000          7177.04347370       3324.20594388       
0.22300000          7280.53164597       3278.19608786       
0.22400000          7386.62900827       3228.04344981       
0.22500000          7494.57390687       3173.99629176       
0.22600000          7603.62362733       3116.31439226       
0.22700000          7713.06467269       3055.27039118       
0.22800000          7822.22112335       2991.15063224       
0.22900000          7930.46113639       2924.25548365       
0.23000000          8037.20168956       2854.89918864       
0.23100000          8141.91171006       2783.40934692       
0.23200000          8244.11375248       2710.12615757       
0.23300000          8343.38440396       2635.40156693       
0.23400000          8439.35360102       2559.59846297       
0.23500000          8531.70304115       2483.09004450       
0.23600000          8620.16386643       2406.25947061       
0.23700000          8704.51378585       2329.49986424       
0.23800000          8784.57378997       2253.21470399       
0.23900000          8860.20459662       2177.81858896       
0.24000000          8931.30294989       2103.73830216       
0.24100000          8997.79787877       2031.41402464       
0.24200000          9059.64700487       1961.30046555       
0.24300000          9116.83297376       1893.86757116       
0.24400000          9169.36006895       1829.60036358       
0.24500000          9217.25105457       1768.99734878       
0.24600000          9260.54427995       1712.56684574       
0.24700000          9299.29106844       1660.82056040       
0.24800000          9333.55340294       1614.26381254       
0.24900000          9363.40191213       1573.38207908       
0.25000000          9388.91415400       1538.62398613       
0.25100000          9410.17318750       1510.38155168       
0.25200000          9427.26641802       1488.96925618       
0.25300000          9440.28469852       1474.60421411       
0.25400000          9449.32166511       1467.39010925       
0.25500000          9454.47328276       1467.30743441       
0.25600000          9455.83757535       1474.21184992       
0.25700000          9453.51451354       1487.84122375       
0.25800000          9447.60603510       1507.83041753       
0.25900000          9438.21617465       1533.73155529       
0.26000000          9425.45128093       1565.03677464       
0.26100000          9409.42029934       1601.20054545       
0.26200000          9390.23509383       1641.65946352       
0.26300000          9368.01077825       1685.84860315       
0.26400000          9342.86602694       1733.21453877       
0.26500000          9314.92334020       1783.22564311       
0.26600000          9284.30925467       1835.38016433       
0.26700000          9251.15450511       1889.21211713       
0.26800000          9215.59415730       1944.29459438       
0.26900000          9177.76773244       2000.24005421       
0.27000000          9137.81932918       2056.69756438       
0.27100000          9095.89772369       2113.34771863       
0.27200000          9052.15640045       2169.89663573       
0.27300000          9006.75345050       2226.07076876       
0.27400000          8959.85127791       2281.61401279       
0.27500000          8911.61608320       2336.28785937       
0.27600000          8862.21713787       2389.87436019       
0.27700000          8811.82591283       2442.18076906       
0.27800000          8760.61516169       2493.04421494       
0.27900000          8708.75807356       2542.33475606       
0.28000000          8656.42759452       2589.95563412       
0.28100000          8603.79597580       2635.84030771       
0.28200000          8551.03455004       2679.94665638       
0.28300000          8498.31367913       2722.24939440       
0.28400000          8445.80277259       2762.73208418       
0.28500000          8393.67025285       2801.38016238       
0.28600000          8342.08334922       2838.17614272       
0.28700000          8291.20763321       2873.09773424       
0.28800000          8241.20625856       2906.11910895       
0.28900000          8192.23893173       2937.21503212       
0.29000000          8144.46070040       2966.36706729       
0.29100000          8098.02069840       2993.57061312       
0.29200000          8053.06101271       3018.84116804       
0.29300000          8009.71583187       3042.21804096       
0.29400000          7968.11098831       3063.76384528       
0.29500000          7928.36392066       3083.55863369       
0.29600000          7890.58396507       3101.68848221       
0.29700000          7854.87275863       3118.22962293       
0.29800000          7821.32443034       3133.23062385       
0.29900000          7790.02520114       3146.69627868       
0.30000000          7761.05203990       3158.57743255       
0.30100000          7734.47014500       3168.77065266       
0.30200000          7710.32923556       3177.13037105       
0.30300000          7688.65891661       3183.49404075       
0.30400000          7669.46368116       3187.71833403       
0.30500000          7652.71836927       3189.72196704       
0.30600000          7638.36506014       3189.52883722       
0.30700000          7626.31237920       3187.30416641       
0.30800000          7616.43803366       3183.37643907       
0.30900000          7608.59505304       3178.23914050       
0.31000000          7602.62174292       3172.52854493       
0.31100000          7598.35482390       3166.97689663       
0.31200000          7595.64470234       3162.34397892       
0.31300000          7594.37138644       3159.33382686       
0.31400000          7594.45928944       3158.50657076       
0.31500000          7595.88909901       3160.19733663       
0.31600000          7598.70505472       3164.45409140       
0.31700000          7603.01634949       3171.00400024       
0.31800000          7608.99191194       3179.25358116       
0.31900000          7616.84847137       3188.32265497       
0.32000000          7626.83247790       3197.10709355       
0.32100000          7639.19707208       3204.36182363       
0.32200000          7654.17580274       3208.79405480       
0.32300000          7671.95512954       3209.15719775       
0.32400000          7692.64788810       3204.33783344       
0.32500000          7716.26983625       3193.43060533       
0.32600000          7742.72115485       3175.79834102       
0.32700000          7771.77437991       3151.11662175       
0.32800000          7803.06973967       3119.40321725       
0.32900000          7836.11831199       3081.03329152       
0.33000000          7870.31285626       3036.74117025       
0.33100000          7904.94565540       2987.60889720       
0.33200000          7939.23226578       2935.04097217       
0.33300000          7972.33974295       2880.72377226       
0.33400000          8003.41770188       2826.56750464       
0.33500000          8031.63048741       2774.62852869       
0.33600000          8056.18876433       2727.01102404       
0.33700000          8076.37897355       2685.74973064       
0.33800000          8091.58931921       2652.67995229       
0.33900000          8101.33122845       2629.30651840       
0.34000000          8105.25553600       2616.68822025       
0.34100000          8103.16296603       2615.35596250       
0.34200000          8095.00879407       2625.27953856       
0.34300000          8080.90185476       2645.88950859       
0.34400000          8061.09830411       2676.14962667       
0.34500000          8035.99074033       2714.66560923       
0.34600000          8006.09342982       2759.81104718       
0.34700000          7972.02447592       2809.85185711       
0.34800000          7934.48580851       2863.05536236       
0.34900000          7894.24186912       2917.77633682       
0.35000000          7852.09782474       2972.51795536       
0.35100000          7808.87807082       3025.96947929       
0.35200000          7765.40568986       3077.02455458       
0.35300000          7722.48342159       3124.78463030       
0.35400000          7680.87658524       3168.55174584       
0.35500000          7641.29827673       3207.81423429       
0.35600000          7604.39705047       3242.22807579       
0.35700000          7570.74718858       3271.59593391       
0.35800000          7540.84156182       3295.84542852       
0.35900000          7515.08700251       3315.00790616       
0.36000000          7493.80204200       3329.19871192       
0.36100000          7477.21681901       3338.59958823       
0.36200000          7465.47493513       3343.44330702       
0.36300000          7458.63701295       3344.00016510       
0.36400000          7456.68569153       3340.56582290       
0.36500000          7459.53177138       3333.45030721       
0.36600000          7467.02120572       3322.96867023       
0.36700000          7478.94264160       3309.43433393       
0.36800000          7495.03525511       3293.15603017       
0.36900000          7514.99669404       3274.43827381       
0.37000000          7538.49101484       3253.58383797       
0.37100000          7565.15654414       3230.89555056       
0.37200000          7594.61358399       3206.67474488       
0.37300000          7626.47181718       3181.21521155       
0.37400000          7660.33719012       3154.79403700       
0.37500000          7695.81801209       3127.66309979       
0.37600000          7732.53005626       3100.04590072       
0.37700000          7770.10059267       3072.14304230       
0.37800000          7808.17148718       3044.14629797       
0.37900000          7846.40168820       3016.25711090       
0.38000000          7884.46951076       2988.70233620       
0.38100000          7922.07506220       2961.73960659       
0.38200000          7958.94293894       2935.64739853       
0.38300000          7994.82502570       2910.69998264       
0.38400000          8029.50295286       2887.13320701       
0.38500000          8062.78962297       2865.11133277       
0.38600000          8094.52927194       2844.70617812       
0.38700000          8124.59578785       2825.89699679       
0.38800000          8152.88940460       2808.59359778       
0.38900000          8179.33230359       2792.67813455       
0.39000000          8203.86396941       2778.05508707       
0.39100000          8226.43725644       2764.69608681       
0.39200000          8247.01599118       2752.66716500       
0.39300000          8265.57458845       2742.13032117       
0.39400000          8282.09968245       2733.31771374       
0.39500000          8296.59328498       2726.48356705       
0.39600000          8309.07659972       2721.84439421       
0.39700000          8319.59343266       2719.52103925       
0.39800000          8328.21218117       2719.49566116       
0.39900000          8335.02564361       2721.59325801       
0.40000000          8340.14830353       2725.49164965       
0.40100000          8343.71121820       2730.75756611       
0.40200000          8345.85508266       2736.90125663       
0.40300000          8346.72236672       2743.43899376       
0.40400000          8346.44957929       2749.95236731       
0.40500000          8345.16068580       2756.13497971       
0.40600000          8342.96250794       2761.82027856       
0.40700000          8339.94261594       2766.98793713       
0.40800000          8336.16984501       2771.74972629       
0.40900000          8331.69719510       2776.31874787       
0.41000000          8326.56656706       2780.96793586       
0.41100000          8320.81458974       2785.98470874       
0.41200000          8314.47872232       2791.62850110       
0.41300000          8307.60286937       2798.09667352       
0.41400000          8300.24189758       2805.50223862       
0.41500000          8292.46465299       2813.86437919       
0.41600000          8284.35530121       2823.11042056       
0.41700000          8276.01301020       2833.08627460       
0.41800000          8267.55013878       2843.57172677       
0.41900000          8259.08917492       2854.29732736       
0.42000000          8250.75869407       2864.96081300       
0.42100000          8242.68860161       2875.24246177       
0.42200000          8235.00491078       2884.82006642       
0.42300000          8227.82431303       2893.38488934       
0.42400000          8221.24883187       2900.65984615       
0.42500000          8215.36091154       2906.42030031       
0.42600000          8210.21935876       2910.51649638       
0.42700000          8205.85660039       2912.89519456       
0.42800000          8202.27771049       2913.61689527       
0.42900000          8199.46157327       2912.86449681       
0.43000000          8197.36437269       2910.93952477       
0.43100000          8195.92534696       2908.24327567       
0.43200000          8195.07444419       2905.24223972       
0.43300000          8194.74121009       2902.41975873       
0.43400000          8194.86398098       2900.21862766       
0.43500000          8195.39829459       2898.98172137       
0.43600000          8196.32340545       2898.89913743       
0.43700000          8197.64591727       2899.97031104       
0.43800000          8199.39981735       2901.98789234       
0.43900000          8201.64258857       2904.54711585       
0.44000000          8204.44753524       2907.08057787       
0.44100000          8207.89293146       2908.91462355       
0.44200000          8212.04902256       2909.34070427       
0.44300000          8216.96422693       2907.69354405       
0.44400000          8222.65205438       2903.42778170       
0.44500000          8229.08025767       2896.18562687       
0.44600000          8236.16356311       2885.84952208       
0.44700000          8243.76100634       2872.57540243       
0.44800000          8251.67846572       2856.80361559       
0.44900000          8259.67648823       2839.24584660       
0.45000000          8267.48299387       2820.84762708       
0.45100000          8274.80997708       2802.72745066       
0.45200000          8281.37294290       2786.09539795       
0.45300000          8286.91155663       2772.15655085       
0.45400000          8291.20986820       2762.00711181       
0.45500000          8294.11450094       2756.53347656       
0.45600000          8295.54935738       2756.32575358       
0.45700000          8295.52567007       2761.61661401       
0.45800000          8294.14658334       2772.25350580       
0.45900000          8291.60586065       2787.70746951       
0.46000000          8288.18073798       2807.11609360       
0.46100000          8284.21935344       2829.35302485       
0.46200000          8280.12354352       2853.11326288       
0.46300000          8276.32807865       2877.00290279       
0.46400000          8273.27759625       2899.62383714       
0.46500000          8271.40257413       2919.64724139       
0.46600000          8271.09568143       2935.87320581       
0.46700000          8272.68976589       2947.27659031       
0.46800000          8276.43860406       2953.04055056       
0.46900000          8282.50136213       2952.57932823       
0.47000000          8290.93149233       2945.55140074       
0.47100000          8301.67052114       2931.86367032       
0.47200000          8314.54688435       2911.66752622       
0.47300000          8329.27965555       2885.34835638       
0.47400000          8345.48674186       2853.51095367       
0.47500000          8362.69692249       2816.96355916       
0.47600000          8380.36500407       2776.70244496       
0.47700000          8397.88935327       2733.89687124       
0.47800000          8414.63110486       2689.87148634       
0.47900000          8429.93438393       2646.08081534       
0.48000000          8443.14688404       2604.06960716       
0.48100000          8453.64009952       2565.41440523       
0.48200000          8460.82844476       2531.64597821       
0.48300000          8464.18645717       2504.15839175       
0.48400000          8463.26332769       2484.11668438       
0.48500000          8457.69416805       2472.37887445       
0.48600000          8447.20770278       2469.44723553       
0.48700000          8431.63042146       2475.45781473       
0.48800000          8410.88756729       2490.20768697       
0.48900000          8385.00158914       2513.20992785       
0.49000000          8354.08878087       2543.76044436       
0.49100000          8318.35474783       2581.00066958       
0.49200000          8278.08909864       2623.96522090       
0.49300000          8233.65942936       2671.61147278       
0.49400000          8185.50434427       2722.83551225       
0.49500000          8134.12504527       2776.48369652       
0.49600000          8080.07499794       2831.36992360       
0.49700000          8023.94738110       2886.30603268       
0.49800000          7966.36041896       2940.14773172       
0.49900000          7907.94120003       2991.85277872       
0.50000000          7849.30907996       3040.54337602       
0.50100000          7791.06011370       3085.56194579       
0.50200000          7733.75405484       3126.50911425       
0.50300000          7677.90523831       3163.25478830       
0.50400000          7623.97814073       3195.91724217       
0.50500000          7572.38767552       3224.81047614       
0.50600000          7523.50347065       3250.36591007       
0.50700000          7477.65666187       3273.03970704       
0.50800000          7435.14727095       3293.22057956       
0.50900000          7396.25013380       3311.15383658       
0.51000000          7361.21763464       3326.89517290       
0.51100000          7330.27814456       3340.30253834       
0.51200000          7303.62993928       3351.06743614       
0.51300000          7281.43131835       3358.77981832       
0.51400000          7263.78848794       3363.01499677       
0.51500000          7250.74334603       3363.42776231       
0.51600000          7242.26351626       3359.83848676       
0.51700000          7238.23677888       3352.29796240       
0.51800000          7238.47147871       3341.12133462       
0.51900000          7242.70365175       3326.88593027       
0.52000000          7250.61064349       3310.39250468       
0.52100000          7261.83005164       3292.59406987       
0.52200000          7275.98205960       3274.50074568       
0.52300000          7292.69274452       3257.07262190       
0.52400000          7311.61580778       3241.11487479       
0.52500000          7332.45038793       3227.18969566       
0.52600000          7354.95313053       3215.55749640       
0.52700000          7378.94341509       3206.15541589       
0.52800000          7404.30146699       3198.61514490       
0.52900000          7430.95989494       3192.31587436       
0.53000000          7458.88989378       3186.46322145       
0.53100000          7488.08386174       3180.18231443       
0.53200000          7518.53646190       3172.61303588       
0.53300000          7550.22620048       3162.99720266       
0.53400000          7583.09942023       3150.75026294       
0.53500000          7617.05825609       3135.51300561       
0.53600000          7651.95362425       3117.18120478       
0.53700000          7687.58376939       3095.91285936       
0.53800000          7723.69833507       3072.11385209       
0.53900000          7760.00739735       3046.40373694       
0.54000000          7796.19445739       3019.56428576       
0.54100000          7831.93206119       2992.47459853       
0.54200000          7866.89853051       2966.03801839       
0.54300000          7900.79426352       2941.10755096       
0.54400000          7933.35619631       2918.41750354       
0.54500000          7964.36929004       2898.52908799       
0.54600000          7993.67428831       2881.79637512       
0.54700000          8021.17142661       2868.35622234       
0.54800000          8046.82021403       2858.14207010       
0.54900000          8070.63579034       2850.91762998       
0.55000000          8092.68264195       2846.32339122       
0.55100000          8113.06660754       2843.92726806       
0.55200000          8131.92610626       2843.27091489       
0.55300000          8149.42339201       2843.90510665       
0.55400000          8165.73640776       2845.41060187       
0.55500000          8181.05153465       2847.40433663       
0.55600000          8195.55725731       2849.53386533       
0.55700000          8209.43855224       2851.46504980       
0.55800000          8222.87168638       2852.86878907       
0.55900000          8236.01910424       2853.41212601       
0.56000000          8249.02417559       2852.75769460       
0.56100000          8262.00574776       2850.57362989       
0.56200000          8275.05266064       2846.55412024       
0.56300000          8288.21859965       2840.44894441       
0.56400000          8301.51784294       2832.09867559       
0.56500000          8314.92256793       2821.47081598       
0.56600000          8328.36238826       2808.69111617       
0.56700000          8341.72667837       2794.06401576       
0.56800000          8354.87000931       2778.07680144       
0.56900000          8367.62069231       2761.38383536       
0.57000000          8379.79205458       2744.76987987       
0.57100000          8391.19571723       2729.09464699       
0.57200000          8401.65586822       2715.22356916       
0.57300000          8411.02336505       2703.95182546       
0.57400000          8419.18847503       2695.92955095       
0.57500000          8426.09115127       2691.59596942       
0.57600000          8431.72791907       2691.12925652       
0.57700000          8436.15468148       2694.41761456       
0.57800000          8439.48502619       2701.05545783       
0.57900000          8441.88392722       2710.36663488       
0.58000000          8443.55708606       2721.45404564       
0.58100000          8444.73654071       2733.27187056       
0.58200000          8445.66355755       2744.71336118       
0.58300000          8446.57015431       2754.70452882       
0.58400000          8447.66081420       2762.29292516       
0.58500000          8449.09598189       2766.72152602       
0.58600000          8450.97875477       2767.48046272       
0.58700000          8453.34581914       2764.33340974       
0.58800000          8456.16320001       2757.31987334       
0.58900000          8459.32689136       2746.73835874       
0.59000000          8462.66801018       2733.11750084       
0.59100000          8465.96183782       2717.18220423       
0.59200000          8468.93999652       2699.81969545       
0.59300000          8471.30502405       2682.04679770       
0.59400000          8472.74668772       2664.97584410       
0.59500000          8472.95944475       2649.77381970       
0.59600000          8471.66044931       2637.60878433       
0.59700000          8468.60740833       2629.58004240       
0.59800000          8463.61542202       2626.63366328       
0.59900000          8456.57176935       2629.47152724       
0.60000000          8447.44749001       2638.46789984       
0.60100000          8436.30464261       2653.61020326       
0.60200000          8423.29832649       2674.47852840       
0.60300000          8408.67294596       2700.27161713       
0.60400000          8392.75273079       2729.87755152       
0.60500000          8375.92712886       2761.97827842       
0.60600000          8358.63225623       2795.17105347       
0.60700000          8341.33002479       2828.08813202       
0.60800000          8324.48678275       2859.49819190       
0.60900000          8308.55325302       2888.37772023       
0.61000000          8293.94723870       2913.94647166       
0.61100000          8281.04003995       2935.66699669       
0.61200000          8270.14688664       2953.21345179       
0.61300000          8261.52105985       2966.41899001       
0.61400000          8255.35087133       2975.21362180       
0.61500000          8251.75838977       2979.56519718       
0.61600000          8250.79879077       2979.43490678       
0.61700000          8252.45945628       2974.75555102       
0.61800000          8256.65839216       2965.43631248       
0.61900000          8263.24206737       2951.39275914       
0.62000000          8271.98328467       2932.59630133       
0.62100000          8282.58006218       2909.13414462       
0.62200000          8294.65666134       2881.26934781       
0.62300000          8307.76781185       2849.49087097       
0.62400000          8321.40687793       2814.54509633       
0.62500000          8335.01824601       2777.44269258       
0.62600000          8348.01367880       2739.43740898       
0.62700000          8359.79186880       2701.97616351       
0.62800000          8369.76001419       2666.62259175       
0.62900000          8377.35598726       2634.95914044       
0.63000000          8382.06958889       2608.47584923       
0.63100000          8383.46147358       2588.45689257       
0.63200000          8381.17855412       2575.87804568       
0.63300000          8374.96500758       2571.32849129       
0.63400000          8364.66835794       2574.96797382       
0.63500000          8350.24046508       2586.52521012       
0.63600000          8331.73357701       2605.33677498       
0.63700000          8309.29188775       2630.41928396       
0.63800000          8283.13927983       2660.56340541       
0.63900000          8253.56412065       2694.43693860       
0.64000000          8220.90212365       2730.68559780       
0.64100000          8185.51837965       2768.02313991       
0.64200000          8147.78970421       2805.30580582       
0.64300000          8108.08842876       2841.58880024       
0.64400000          8066.76867918       2876.16431068       
0.64500000          8024.15603129       2908.58140743       
0.64600000          7980.54120746       2938.64838550       
0.64700000          7936.17818743       2966.41812355       
0.64800000          7891.28676314       2992.15722823       
0.64900000          7846.05919512       3016.30035239       
0.65000000          7800.67025901       3039.39217121       
0.65100000          7755.28964471       3062.02091112       
0.65200000          7710.09542462       3084.74873493       
0.65300000          7665.28717443       3108.04530991       
0.65400000          7621.09732960       3132.23117958       
0.65500000          7577.79949791       3157.43690165       
0.65600000          7535.71271284       3183.58225953       
0.65700000          7495.20098014       3210.37737334       
0.65800000          7456.66790299       3237.34461993       
0.65900000          7420.54662275       3263.85749036       
0.66000000          7387.28573095       3289.19048400       
0.66100000          7357.33214530       3312.57333453       
0.66200000          7331.11216456       3333.24342942       
0.66300000          7309.01200986       3350.49196630       
0.66400000          7291.35913579       3363.70161527       
0.66500000          7278.40548003       3372.37554230       
0.66600000          7270.31365239       3376.15903880       
0.66700000          7267.14687057       3374.85542923       
0.66800000          7268.86324755       3368.43746131       
0.66900000          7275.31482311       3357.05435995       
0.67000000          7286.25150169       3341.03361675       
0.67100000          7301.32980085       3320.87584038       
0.67200000          7320.12603263       3297.24090047       
0.67300000          7342.15325102       3270.92420527       
0.67400000          7366.88103467       3242.82305587       
0.67500000          7393.75697002       3213.89424954       
0.67600000          7422.22858512       3185.10510308       
0.67700000          7451.76446870       3157.38067339       
0.67800000          7481.87338524       3131.55029137       
0.67900000          7512.12034396       3108.29691717       
0.68000000          7542.13877831       3088.11351479       
0.68100000          7571.63823361       3071.27150596       
0.68200000          7600.40724690       3057.80679605       
0.68300000          7628.31144240       3047.52803274       
0.68400000          7655.28725285       3040.04910307       
0.68500000          7681.33207901       3034.84360119       
0.68600000          7706.49205621       3031.31418301       
0.68700000          7730.84883136       3028.86592375       
0.68800000          7754.50679593       3026.97136727       
0.68900000          7777.58203930       3025.21647664       
0.69000000          7800.19389876       3023.32076616       
0.69100000          7822.45946235       3021.13037189       
0.69200000          7844.49083190       3018.58827032       
0.69300000          7866.39449040       3015.69000977       
0.69400000          7888.27182612       3012.43536941       
0.69500000          7910.21979021       3008.78608030       
0.69600000          7932.33079768       3004.63745168       
0.69700000          7954.69127440       2999.80815628       
0.69800000          7977.37862993       2994.04843729       
0.69900000          8000.45681577       2987.06346088       
0.70000000          8023.97093757       2978.54610391       
0.70100000          8047.94157987       2968.21248642       
0.70200000          8072.35955080       2955.83407528       
0.70300000          8097.18167217       2941.26195886       
0.70400000          8122.32806543       2924.44146174       
0.70500000          8147.68116954       2905.41801294       
0.70600000          8173.08653364       2884.33741756       
0.70700000          8198.35530288       2861.44479392       
0.70800000          8223.26828347       2837.08603109       
0.70900000          8247.58152343       2811.71366739       
0.71000000          8271.03343793       2785.89598865       
0.71100000          8293.35358296       2760.32468459       
0.71200000          8314.27317712       2735.81359806       
0.71300000          8333.53734559       2713.27998024       
0.71400000          8350.91880540       2693.70102113       
0.71500000          8366.23235763       2678.04257786       
0.71600000          8379.34916823       2667.16358066       
0.71700000          8390.20949265       2661.70724600       
0.71800000          8398.83231970       2661.99679726       
0.71900000          8405.32044494       2667.95637814       
0.72000000          8409.85976547       2679.07545411       
0.72100000          8412.71210099       2694.42725898       
0.72200000          8414.20153105       2712.74095357       
0.72300000          8414.69499928       2732.51661071       
0.72400000          8414.57865768       2752.16505001       
0.72500000          8414.23199439       2770.15232803       
0.72600000          8414.00211377       2785.13080565       
0.72700000          8414.18056512       2796.04345676       
0.72800000          8414.98483790       2802.19362235       
0.72900000          8416.54610064       2803.27748015       
0.73000000          8418.90404068       2799.38053326       
0.73100000          8422.00887046       2790.94236980       
0.73200000          8425.72981977       2778.69599693       
0.73300000          8429.86882895       2763.58940392       
0.73400000          8434.17776881       2746.69776434       
0.73500000          8438.37736511       2729.13482306       
0.73600000          8442.17609139       2711.97143778       
0.73700000          8445.28756544       2696.16788953       
0.73800000          8447.44537730       2682.52451430       
0.73900000          8448.41471366       2671.65270855       
0.74000000          8448.00056111       2663.96585081       
0.74100000          8446.05261869       2659.68760638       
0.74200000          8442.46730618       2658.87374021       
0.74300000          8437.18741419       2661.44301179       
0.74400000          8430.20001857       2667.21279934       
0.74500000          8421.53329179       2675.93553787       
0.74600000          8411.25280740       2687.33262631       
0.74700000          8399.45786010       2701.12304459       
0.74800000          8386.27822337       2717.04450143       
0.74900000          8371.87163985       2734.86554464       
0.75000000          8356.42219125       2754.38774910       
0.75100000          8340.13952809       2775.43789200       
0.75200000          8323.25876373       2797.85095831       
0.75300000          8306.04066461       2821.44590123       
0.75400000          8288.77161889       2845.99724772       
0.75500000          8271.76276158       2871.20670542       
0.75600000          8255.34760172       2896.67958209       
0.75700000          8239.87755775       2921.91072661       
0.75800000          8225.71497041       2946.28362931       
0.75900000          8213.22341969       2969.08436478       
0.76000000          8202.75549477       2989.52965137       
0.76100000          8194.63850639       3006.80607536       
0.76200000          8189.15893803       3020.11607397       
0.76300000          8186.54665981       3028.72588522       
0.76400000          8186.96004586       3032.01125595       
0.76500000          8190.47313528       3029.49784447       
0.76600000          8197.06586599       3020.89445092       
0.76700000          8206.61821005       3006.11805943       
0.76800000          8218.90877272       2985.31002177       
0.76900000          8233.61810575       2958.84264891       
0.77000000          8250.33665085       2927.31528155       
0.77100000          8268.57689255       2891.53892280       
0.77200000          8287.78898865       2852.50901701       
0.77300000          8307.37889340       2811.36705395       
0.77400000          8326.72782845       2769.35322119       
0.77500000          8345.21191976       2727.75390483       
0.77600000          8362.22091649       2687.84886097       
0.77700000          8377.17513021       2650.86279938       
0.77800000          8389.54003772       2617.92471694       
0.77900000          8398.83831801       2590.03592784       
0.78000000          8404.65937494       2568.04524885       
0.78100000          8406.66657892       2552.62833490       
0.78200000          8404.60251855       2544.26852737       
0.78300000          8398.29250232       2543.23874917       
0.78400000          8387.64643585       2549.58696206       
0.78500000          8372.65908141       2563.12993447       
0.78600000          8353.40863724       2583.46022598       
0.78700000          8330.05357918       2609.96903104       
0.78800000          8302.82778246       2641.88370311       
0.78900000          8272.03405229       2678.31501980       
0.79000000          8238.03629580       2718.30707673       
0.79100000          8201.25062611       2760.88282182       
0.79200000          8162.13568751       2805.08035312       
0.79300000          8121.18243651       2849.97818286       
0.79400000          8078.90353663       2894.71055632       
0.79500000          8035.82245861       2938.47577634       
0.79600000          7992.46235121       2980.54104579       
0.79700000          7949.33477175       3020.24681877       
0.79800000          7906.92843596       3057.01253607       
0.79900000          7865.69824370       3090.34440367       
0.80000000          7826.05493720       3119.84487153       
