Time      Mean      STD       
0.000     9998.988  0.711     
0.000     9998.988  0.711     
0.000     9998.988  0.711     
0.000     9998.988  0.712     
0.000     9998.986  0.714     
0.000     9998.981  0.723     
0.000     9998.970  0.737     
0.001     9998.915  0.806     
0.001     9998.823  0.916     
0.002     9998.691  1.063     
0.002     9998.521  1.243     
0.003     9998.309  1.457     
0.003     9998.053  1.707     
0.004     9997.557  2.175     
0.005     9996.938  2.744     
0.005     9996.179  3.431     
0.006     9995.273  4.239     
0.007     9994.182  5.207     
0.008     9991.509  7.565     
0.009     9987.908  10.726    
0.011     9983.077  14.973    
0.012     9976.633  20.622    
0.013     9968.030  28.121    
0.015     9956.671  38.006    
0.017     9930.141  60.839    
0.019     9888.695  96.135    
0.021     9824.234  150.612   
0.023     9724.850  233.124   
0.025     9619.557  319.011   
0.027     9476.567  433.279   
0.028     9284.259  580.976   
0.030     9027.879  769.371   
0.031     8692.279  999.778   
0.033     8260.957  1272.627  
0.035     7724.282  1574.775  
0.036     7076.782  1887.357  
0.037     6522.079  2108.792  
0.039     5921.307  2300.747  
0.040     5291.095  2444.472  
0.041     4655.094  2524.115  
0.042     4042.846  2528.954  
0.043     3487.438  2456.837  
0.044     3129.934  2359.619  
0.045     2833.351  2234.621  
0.046     2607.343  2096.289  
0.047     2459.306  1962.681  
0.048     2393.565  1853.558  
0.049     2410.739  1786.964  
0.050     2508.930  1772.945  
0.051     2683.205  1810.036  
0.051     2925.550  1886.283  
0.052     3225.885  1985.175  
0.053     3574.039  2089.407  
0.054     3958.538  2185.738  
0.055     4367.979  2264.677  
0.056     4791.355  2320.804  
0.057     5218.857  2351.304  
0.058     5642.015  2355.387  
0.059     6053.608  2334.193  
0.059     6447.985  2289.976  
0.060     6821.061  2225.739  
0.061     7169.869  2145.172  
0.062     7492.436  2051.700  
0.063     7787.961  1948.906  
0.064     8056.523  1840.104  
0.065     8298.792  1728.528  
0.066     8515.609  1616.736  
0.067     8708.549  1507.214  
0.067     8879.187  1401.598  
0.068     9029.433  1301.437  
0.069     9160.990  1207.602  
0.070     9275.963  1120.756  
0.071     9376.005  1041.177  
0.072     9462.817  968.486   
0.073     9537.951  902.267   
0.074     9602.912  841.580   
0.075     9659.005  785.394   
0.075     9707.352  732.717   
0.076     9749.056  682.666   
0.077     9785.012  634.722   
0.078     9815.999  588.467   
0.079     9842.684  543.967   
0.080     9865.666  501.220   
0.081     9885.434  460.321   
0.082     9902.436  421.456   
0.083     9917.012  384.619   
0.083     9929.500  349.675   
0.084     9940.181  316.533   
0.085     9949.268  285.222   
0.086     9956.984  255.636   
0.087     9963.481  227.821   
0.088     9968.911  201.838   
0.089     9973.393  177.758   
0.090     9977.035  155.654   
0.091     9979.916  135.634   
0.091     9982.098  117.833   
0.092     9983.634  102.362   
0.093     9984.556  89.449    
0.094     9984.886  79.390    
0.095     9984.607  72.660    
0.096     9983.743  69.737    
0.097     9982.221  70.993    
0.098     9980.010  76.704    
0.099     9977.032  86.474    
0.099     9973.217  99.840    
0.100     9968.420  117.101   
0.101     9962.500  137.997   
0.102     9955.320  162.825   
0.103     9946.643  191.629   
0.104     9936.250  224.976   
0.105     9923.914  263.135   
0.106     9909.225  306.353   
0.107     9891.925  355.247   
0.107     9871.605  409.663   
0.108     9847.799  470.039   
0.109     9820.002  536.703   
0.110     9787.893  609.312   
0.111     9750.582  688.686   
0.112     9707.783  774.303   
0.113     9658.672  866.667   
0.114     9602.720  965.680   
0.115     9539.162  1071.428  
0.115     9467.409  1183.677  
0.116     9386.865  1302.249  
0.117     9296.933  1426.661  
0.118     9197.044  1556.557  
0.119     9086.925  1690.988  
0.120     8966.030  1829.304  
0.121     8834.962  1969.664  
0.122     8693.006  2111.683  
0.123     8541.146  2253.312  
0.123     8379.649  2393.004  
0.124     8209.641  2528.806  
0.125     8032.231  2658.681  
0.126     7848.823  2780.831  
0.127     7661.148  2893.240  
0.128     7470.985  2993.941  
0.129     7280.670  3081.687  
0.130     7091.717  3155.092  
0.131     6906.800  3213.558  
0.131     6727.614  3256.841  
0.132     6556.042  3285.550  
0.133     6393.657  3300.597  
0.134     6241.913  3303.788  
0.135     6101.930  3296.883  
0.136     5974.793  3282.363  
0.137     5861.215  3262.458  
0.138     5761.999  3239.542  
0.139     5677.258  3215.844  
0.139     5607.459  3193.451  
0.140     5552.502  3173.624  
0.141     5512.913  3157.411  
0.142     5488.515  3144.934  
0.143     5479.531  3136.070  
0.144     5485.458  3130.658  
0.145     5506.091  3128.347  
0.146     5541.171  3128.645  
0.147     5590.050  3131.166  
0.147     5652.046  3135.421  
0.148     5726.340  3141.099  
0.149     5812.069  3147.705  
0.150     5908.200  3154.400  
0.151     6014.039  3160.098  
0.152     6128.528  3163.611  
0.153     6250.697  3163.788  
0.154     6379.436  3159.628  
0.155     6513.523  3150.132  
0.155     6652.190  3134.135  
0.156     6794.107  3111.299  
0.157     6938.193  3081.439  
0.158     7083.136  3045.002  
0.159     7227.912  3002.527  
0.160     7371.376  2955.105  
0.161     7512.517  2904.132  
0.162     7650.422  2851.033  
0.163     7784.398  2796.754  
0.163     7913.881  2742.242  
0.164     8038.406  2687.749  
0.165     8157.909  2632.765  
0.166     8272.082  2577.202  
0.167     8380.995  2520.446  
0.168     8484.694  2461.868  
0.169     8583.283  2401.219  
0.170     8676.894  2338.364  
0.171     8765.572  2273.610  
0.171     8849.401  2207.544  
0.172     8928.522  2140.686  
0.173     9002.994  2073.806  
0.174     9072.916  2007.466  
0.175     9138.366  1942.380  
0.176     9199.535  1878.822  
0.177     9256.620  1816.734  
0.178     9309.725  1756.307  
0.179     9359.089  1697.293  
0.179     9404.851  1639.338  
0.180     9447.159  1582.046  
0.181     9486.177  1524.970  
0.182     9522.005  1467.782  
0.183     9554.770  1410.347  
0.184     9584.411  1353.064  
0.185     9610.977  1296.554  
0.186     9634.364  1242.131  
0.187     9654.521  1191.171  
0.187     9671.397  1145.071  
0.188     9684.849  1105.485  
0.189     9694.860  1073.704  
0.190     9701.288  1050.966  
0.191     9704.122  1037.985  
0.192     9703.189  1035.163  
0.193     9698.553  1042.209  
0.194     9690.111  1058.828  
0.195     9677.778  1084.495  
0.195     9661.483  1118.596  
0.196     9641.176  1160.246  
0.197     9616.774  1208.766  
0.198     9588.243  1263.390  
0.199     9555.338  1323.937  
0.200     9518.124  1389.571  
0.201     9476.439  1459.871  
0.202     9430.281  1534.353  
0.203     9379.589  1612.332  
0.203     9324.288  1693.495  
0.204     9264.549  1777.242  
0.205     9200.236  1863.088  
0.206     9131.633  1950.477  
0.207     9058.751  2038.957  
0.208     8981.923  2127.699  
0.209     8901.421  2216.132  
0.210     8817.618  2303.664  
0.211     8730.905  2389.484  
0.212     8641.771  2473.262  
0.212     8550.819  2554.305  
0.213     8458.556  2631.945  
0.214     8365.743  2705.446  
0.215     8273.021  2774.005  
0.216     8181.076  2837.127  
0.217     8090.423  2894.201  
0.218     8001.983  2944.682  
0.219     7916.048  2988.482  
0.220     7833.312  3025.687  
0.220     7754.050  3056.554  
0.221     7678.589  3081.678  
0.222     7607.074  3101.548  
0.223     7539.765  3116.946  
0.224     7476.686  3128.268  
0.225     7417.822  3136.234  
0.226     7363.175  3141.405  
0.227     7312.587  3144.337  
0.228     7265.970  3145.775  
0.228     7223.174  3146.034  
0.229     7184.125  3146.006  
0.230     7148.635  3145.911  
0.231     7116.680  3146.476  
0.232     7088.086  3147.852  
0.233     7063.091  3150.393  
0.234     7041.521  3154.057  
0.235     7023.491  3158.867  
0.236     7009.346  3164.337  
0.236     6999.091  3170.165  
0.237     6992.881  3175.830  
0.238     6991.007  3180.473  
0.239     6993.666  3183.388  
0.240     7000.841  3183.997  
0.241     7012.698  3182.111  
0.242     7029.027  3177.454  
0.243     7049.801  3170.821  
0.244     7074.751  3162.375  
0.244     7103.584  3152.833  
0.245     7136.135  3142.659  
0.246     7171.816  3132.389  
0.247     7210.539  3122.031  
0.248     7252.099  3111.216  
0.249     7296.207  3099.875  
0.250     7342.521  3087.700  
0.251     7390.961  3074.572  
0.252     7441.127  3060.328  
0.252     7492.897  3044.973  
0.253     7546.094  3028.667  
0.255     7635.460  3000.914  
0.256     7727.162  2972.179  
0.258     7820.553  2942.639  
0.259     7915.404  2910.441  
0.261     8011.364  2872.526  
0.262     8107.961  2826.485  
0.263     8204.780  2770.589  
0.265     8300.328  2707.061  
0.266     8393.439  2638.807  
0.268     8482.257  2570.389  
0.269     8565.619  2504.486  
0.271     8642.343  2443.191  
0.272     8711.731  2387.792  
0.274     8773.337  2339.436  
0.275     8827.098  2298.385  
0.277     8873.128  2264.193  
0.278     8911.729  2235.438  
0.279     8943.047  2210.669  
0.281     8967.536  2187.718  
0.282     8984.930  2166.668  
0.284     8995.097  2148.269  
0.285     8997.336  2135.826  
0.287     8991.117  2132.739  
0.288     8975.875  2142.532  
0.290     8951.373  2166.212  
0.292     8896.359  2227.900  
0.294     8822.061  2312.154  
0.296     8731.694  2410.867  
0.299     8630.079  2517.172  
0.301     8523.192  2621.611  
0.303     8417.353  2713.094  
0.305     8318.372  2782.013  
0.307     8229.441  2826.975  
0.310     8151.270  2854.002  
0.311     8096.087  2869.975  
0.313     8046.123  2884.506  
0.315     8000.831  2899.056  
0.317     7959.724  2912.535  
0.318     7922.656  2923.584  
0.320     7889.585  2931.145  
0.321     7866.828  2935.223  
0.323     7845.885  2937.954  
0.324     7826.435  2940.590  
0.325     7808.274  2944.349  
0.327     7791.274  2949.884  
0.328     7775.309  2958.402  
0.329     7764.093  2966.662  
0.330     7753.992  2976.295  
0.331     7745.201  2986.877  
0.332     7738.157  2997.548  
0.333     7733.210  3007.263  
0.334     7730.609  3015.282  
0.335     7730.875  3020.245  
0.336     7734.144  3021.487  
0.337     7740.477  3018.681  
0.338     7749.831  3012.018  
0.339     7762.069  3002.149  
0.340     7776.808  2990.283  
0.341     7793.770  2977.369  
0.342     7812.671  2964.528  
0.343     7833.138  2952.415  
0.344     7854.875  2941.378  
0.345     7877.729  2931.204  
0.346     7901.432  2921.645  
0.347     7926.074  2912.057  
0.348     7951.546  2901.925  
0.349     7977.771  2891.035  
0.350     8004.580  2878.985  
0.351     8032.057  2865.362  
0.352     8059.921  2850.196  
0.353     8088.086  2833.503  
0.354     8116.250  2815.153  
0.355     8144.008  2796.157  
0.356     8171.369  2776.903  
0.357     8197.773  2758.560  
0.358     8223.107  2742.362  
0.359     8247.146  2729.066  
0.360     8269.730  2719.010  
0.361     8291.016  2711.854  
0.362     8311.089  2706.886  
0.363     8330.064  2702.891  
0.365     8348.191  2698.339  
0.366     8365.738  2692.178  
0.367     8382.789  2683.211  
0.368     8399.337  2671.353  
0.369     8415.218  2656.809  
0.370     8430.309  2640.239  
0.371     8444.121  2623.089  
0.372     8456.591  2606.728  
0.373     8467.196  2592.843  
0.374     8475.519  2582.467  
0.376     8485.341  2572.324  
0.377     8485.833  2572.637  
0.379     8480.250  2577.582  
0.380     8468.603  2587.242  
0.382     8451.425  2602.206  
0.384     8429.033  2623.905  
0.385     8402.229  2652.016  
0.387     8372.363  2684.812  
0.388     8340.907  2719.740  
0.390     8309.866  2752.480  
0.392     8280.646  2779.892  
0.393     8254.729  2799.084  
0.395     8232.624  2809.652  
0.396     8214.553  2812.207  
0.398     8199.867  2809.195  
0.400     8187.591  2803.969  
0.401     8176.702  2800.137  
0.403     8166.484  2799.873  
0.404     8156.334  2803.964  
0.406     8146.227  2810.631  
0.407     8136.457  2818.087  
0.409     8127.099  2824.921  
0.411     8118.777  2829.378  
0.412     8111.294  2831.150  
0.414     8104.640  2830.485  
0.415     8098.473  2828.935  
0.417     8092.421  2828.105  
0.419     8086.102  2829.441  
0.420     8080.744  2832.099  
0.421     8075.157  2836.386  
0.422     8069.523  2842.232  
0.423     8065.059  2848.180  
0.425     8060.834  2855.082  
0.426     8057.063  2862.908  
0.427     8054.286  2870.952  
0.428     8052.449  2878.782  
0.429     8052.092  2885.399  
0.430     8053.446  2889.915  
0.431     8056.773  2891.376  
0.432     8062.123  2889.053  
0.433     8069.505  2882.455  
0.434     8078.768  2871.892  
0.435     8089.550  2857.926  
0.436     8101.586  2841.867  
0.437     8114.164  2825.574  
0.438     8126.835  2810.743  
0.439     8139.482  2798.325  
0.440     8151.426  2789.238  
0.441     8162.623  2783.173  
0.442     8172.988  2779.479  
0.443     8182.652  2777.430  
0.444     8191.618  2776.046  
0.445     8199.960  2774.864  
0.447     8207.936  2773.418  
0.448     8215.525  2771.574  
0.449     8222.804  2769.102  
0.450     8229.859  2765.913  
0.451     8236.688  2762.102  
0.452     8243.187  2758.001  
0.453     8249.372  2753.480  
0.454     8255.213  2748.641  
0.455     8260.526  2743.415  
0.456     8265.223  2737.502  
0.457     8269.200  2730.734  
0.458     8272.168  2723.536  
0.459     8274.015  2716.753  
0.460     8274.435  2711.348  
0.461     8273.139  2708.584  
0.462     8270.091  2709.167  
0.463     8265.209  2713.388  
0.464     8257.576  2722.437  
0.465     8256.499  2723.886  
0.465     8255.391  2725.428  
0.465     8253.312  2728.350  
0.466     8249.266  2733.860  
0.466     8244.792  2740.202  
0.467     8240.159  2746.759  
0.467     8235.313  2753.805  
0.468     8230.354  2760.901  
0.468     8225.256  2768.130  
0.468     8220.133  2775.328  
0.469     8214.983  2782.378  
0.469     8209.941  2789.119  
0.470     8204.845  2795.726  
0.470     8199.990  2801.575  
0.471     8195.225  2807.055  
0.471     8190.776  2811.873  
0.472     8186.427  2816.057  
0.472     8182.347  2819.459  
0.473     8178.606  2822.327  
0.473     8175.070  2824.327  
0.474     8171.830  2825.786  
0.474     8168.879  2826.598  
0.475     8166.188  2826.711  
0.475     8163.783  2826.564  
0.476     8161.593  2825.835  
0.476     8159.645  2824.901  
0.477     8157.985  2823.655  
0.477     8156.457  2822.332  
0.478     8155.105  2820.975  
0.478     8153.955  2819.779  
0.479     8152.928  2818.652  
0.479     8152.006  2817.758  
0.480     8151.298  2816.987  
0.480     8150.616  2816.587  
0.481     8150.057  2816.391  
0.481     8149.578  2816.297  
0.482     8149.233  2816.422  
0.482     8148.953  2816.665  
0.483     8148.744  2816.871  
0.483     8148.595  2817.216  
0.484     8148.699  2817.140  
0.484     8148.734  2817.279  
0.485     8148.989  2816.778  
0.485     8149.289  2816.320  
0.486     8149.663  2815.642  
0.486     8150.170  2814.535  
0.487     8150.663  2813.565  
0.487     8151.317  2812.120  
0.488     8151.988  2810.845  
0.488     8152.770  2809.475  
0.489     8153.465  2808.111  
0.489     8154.349  2806.812  
0.490     8155.123  2805.878  
0.490     8156.009  2804.709  
0.491     8156.762  2804.260  
0.491     8157.688  2803.453  
0.492     8158.422  2803.261  
0.492     8159.391  2802.742  
0.493     8160.184  2802.564  
0.493     8161.081  2802.304  
0.494     8161.888  2802.000  
0.494     8162.719  2801.814  
0.495     8163.654  2801.350  
0.495     8164.450  2800.995  
0.496     8165.420  2800.365  
0.496     8166.210  2800.032  
0.497     8167.161  2799.515  
0.497     8168.045  2799.157  
0.498     8168.882  2799.062  
0.498     8169.834  2798.975  
0.499     8170.659  2799.361  
0.499     8171.653  2799.713  
0.500     8172.541  2800.411  
0.500     8173.514  2801.329  
0.501     8174.513  2802.358  
0.501     8175.604  2803.303  
0.502     8176.714  2804.422  
0.502     8177.986  2805.237  
0.503     8179.349  2805.897  
0.503     8180.750  2806.358  
0.504     8182.398  2806.335  
0.504     8184.061  2806.147  
0.505     8185.904  2805.453  
0.505     8187.912  2804.264  
0.506     8190.052  2802.688  
0.506     8192.219  2800.822  
0.507     8194.650  2798.360  
0.507     8197.162  2795.657  
0.508     8199.626  2792.667  
0.508     8202.327  2789.138  
0.509     8205.018  2785.613  
0.509     8207.751  2781.533  
0.510     8210.373  2777.648  
0.510     8213.171  2773.220  
0.511     8215.748  2769.024  
0.511     8218.302  2764.571  
0.512     8220.713  2760.291  
0.512     8223.062  2756.014  
0.513     8225.076  2752.017  
0.513     8226.971  2748.157  
0.514     8228.715  2744.660  
0.514     8230.039  2741.550  
0.515     8231.130  2738.867  
0.515     8231.958  2736.609  
0.516     8232.428  2735.029  
0.516     8232.574  2733.863  
0.517     8232.313  2733.586  
0.517     8231.825  2733.742  
0.518     8230.844  2734.796  
0.518     8229.568  2736.440  
0.519     8227.994  2738.834  
0.519     8226.049  2741.944  
0.520     8223.829  2745.542  
0.520     8221.351  2750.027  
0.521     8218.539  2754.893  
0.521     8215.602  2760.356  
0.522     8212.508  2766.206  
0.522     8209.181  2772.455  
0.523     8205.906  2778.823  
0.523     8202.478  2785.495  
0.524     8199.128  2792.051  
0.524     8195.811  2798.615  
0.525     8192.692  2804.736  
0.525     8189.591  2810.804  
0.526     8186.828  2816.145  
0.526     8184.209  2821.086  
0.527     8181.898  2825.235  
0.527     8179.930  2828.639  
0.528     8178.230  2831.221  
0.528     8176.995  2832.709  
0.529     8176.050  2833.403  
0.529     8175.479  2832.972  
0.530     8175.214  2831.778  
0.530     8175.568  2829.265  
0.531     8175.953  2826.302  
0.531     8176.709  2822.314  
0.532     8177.870  2817.670  
0.532     8179.044  2812.676  
0.532     8180.518  2807.201  
0.533     8182.099  2801.634  
0.533     8183.770  2795.978  
0.534     8185.447  2790.491  
0.534     8187.199  2785.607  
0.535     8188.765  2781.028  
0.535     8190.340  2777.234  
0.536     8191.788  2774.174  
0.536     8193.058  2771.875  
0.537     8194.164  2770.451  
0.537     8195.204  2769.700  
0.538     8195.988  2769.863  
0.538     8196.559  2770.533  
0.539     8197.116  2771.775  
0.539     8197.422  2773.424  
0.540     8197.671  2775.086  
0.540     8197.675  2777.178  
0.541     8197.828  2778.859  
0.541     8197.628  2780.741  
0.542     8197.629  2782.057  
0.542     8197.440  2783.321  
0.543     8197.288  2784.114  
0.543     8197.103  2784.572  
0.544     8196.917  2784.627  
0.544     8196.652  2784.611  
0.545     8196.478  2783.929  
0.545     8196.098  2783.555  
0.546     8195.858  2782.577  
0.546     8195.411  2782.002  
0.547     8195.143  2780.747  
0.547     8194.552  2780.158  
0.548     8194.181  2779.147  
0.548     8193.498  2778.689  
0.549     8192.750  2778.247  
0.549     8192.036  2778.123  
0.550     8191.098  2778.318  
0.550     8190.144  2778.714  
0.551     8188.975  2779.869  
0.551     8187.870  2780.991  
0.552     8186.480  2782.923  
0.552     8185.182  2784.939  
0.553     8183.673  2787.489  
0.553     8182.224  2790.128  
0.554     8180.743  2793.056  
0.554     8179.224  2795.917  
0.555     8177.680  2798.753  
0.555     8176.264  2801.349  
0.556     8174.851  2803.538  
0.556     8173.430  2805.349  
0.557     8172.309  2806.328  
0.557     8171.047  2806.999  
0.558     8170.052  2806.648  
0.558     8169.008  2805.843  
0.559     8168.167  2804.399  
0.559     8167.277  2802.415  
0.560     8166.391  2800.028  
0.560     8165.660  2797.383  
0.561     8164.699  2794.837  
0.561     8163.875  2792.145  
0.562     8162.854  2790.009  
0.562     8161.793  2788.160  
0.563     8160.513  2787.000  
0.563     8159.174  2786.470  
0.564     8157.641  2786.689  
0.564     8155.914  2787.796  
0.565     8154.084  2789.522  
0.565     8152.108  2792.117  
0.566     8149.913  2795.185  
0.566     8147.674  2798.890  
0.567     8145.352  2802.801  
0.567     8142.964  2807.064  
0.568     8140.505  2811.328  
0.568     8138.136  2815.514  
0.569     8135.707  2819.695  
0.569     8133.469  2823.371  
0.570     8131.138  2827.193  
0.570     8129.107  2830.281  
0.571     8127.068  2833.320  
0.571     8125.431  2835.685  
0.572     8123.714  2838.040  
0.572     8122.345  2839.748  
0.573     8121.210  2841.361  
0.573     8120.225  2842.549  
0.574     8119.400  2843.484  
0.574     8118.990  2844.041  
0.575     8118.652  2844.390  
0.575     8118.629  2844.320  
0.576     8118.917  2844.013  
0.576     8119.331  2843.496  
0.577     8119.945  2842.746  
0.577     8120.961  2841.624  
0.578     8122.005  2840.622  
0.578     8123.477  2839.027  
0.579     8124.930  2837.848  
0.579     8126.807  2836.029  
0.580     8128.666  2834.611  
0.580     8130.883  2832.812  
0.581     8133.212  2831.112  
0.581     8135.654  2829.336  
0.582     8138.325  2827.354  
0.582     8141.120  2825.505  
0.583     8144.158  2823.267  
0.583     8147.113  2821.225  
0.584     8150.424  2818.670  
0.584     8153.786  2816.251  
0.585     8157.143  2813.565  
0.585     8160.739  2810.742  
0.586     8164.363  2807.681  
0.586     8168.026  2804.596  
0.587     8171.814  2801.323  
0.587     8175.587  2798.166  
0.588     8179.456  2794.789  
0.588     8183.159  2791.719  
0.589     8187.056  2788.516  
0.589     8190.847  2785.654  
0.590     8194.533  2782.917  
0.590     8198.306  2780.320  
0.591     8201.935  2778.054  
0.591     8205.606  2775.842  
0.592     8209.070  2774.142  
0.592     8212.562  2772.233  
0.593     8215.961  2770.672  
0.593     8219.356  2769.069  
0.594     8222.524  2767.601  
0.594     8225.792  2765.880  
0.595     8228.842  2764.336  
0.595     8231.904  2762.493  
0.595     8234.887  2760.550  
0.596     8237.755  2758.391  
0.596     8240.564  2756.237  
0.597     8243.299  2753.715  
0.597     8245.851  2751.406  
0.598     8248.332  2748.877  
0.598     8250.705  2746.275  
0.599     8252.835  2744.028  
0.599     8254.921  2741.680  
0.600     8256.739  2739.619  
0.600     8258.419  2737.689  
0.601     8259.852  2736.004  
0.601     8261.196  2734.460  
0.602     8262.178  2733.353  
0.602     8263.023  2732.341  
0.603     8263.654  2731.592  
0.603     8264.007  2731.260  
0.604     8264.192  2730.820  
0.604     8264.062  2730.915  
0.605     8263.800  2730.975  
0.605     8263.231  2731.483  
0.606     8262.459  2732.006  
0.606     8261.354  2733.005  
0.607     8260.227  2733.979  
0.607     8258.657  2735.415  
0.608     8256.971  2736.945  
0.608     8255.159  2738.642  
0.609     8253.003  2740.910  
0.609     8250.786  2743.072  
0.610     8248.248  2745.771  
0.610     8245.629  2748.461  
0.611     8242.921  2751.372  
0.611     8239.995  2754.501  
0.612     8236.941  2757.697  
0.612     8233.815  2760.946  
0.613     8230.620  2764.395  
0.613     8227.356  2767.775  
0.614     8223.934  2771.217  
0.614     8220.635  2774.634  
0.615     8217.269  2777.991  
0.615     8213.894  2781.456  
0.616     8210.659  2784.709  
0.616     8207.282  2788.165  
0.617     8204.062  2791.573  
0.617     8200.918  2794.964  
0.618     8197.906  2798.313  
0.618     8194.932  2801.788  
0.619     8192.158  2805.200  
0.619     8189.547  2808.436  
0.620     8187.127  2811.646  
0.620     8184.882  2814.796  
0.621     8182.834  2817.663  
0.621     8181.080  2820.448  
0.622     8179.622  2822.728  
0.622     8178.352  2824.862  
0.623     8177.526  2826.228  
0.623     8176.838  2827.545  
0.624     8176.599  2827.942  
0.624     8176.569  2828.144  
0.625     8176.970  2827.454  
0.625     8177.612  2826.068  
0.626     8178.475  2824.397  
0.626     8179.844  2821.530  
0.627     8181.284  2818.366  
0.627     8183.049  2814.185  
0.628     8185.081  2809.363  
0.628     8187.156  2804.023  
0.629     8189.474  2797.956  
0.629     8191.800  2791.463  
0.630     8194.176  2784.528  
0.630     8196.578  2777.400  
0.631     8198.786  2770.213  
0.631     8200.920  2763.008  
0.632     8202.835  2756.436  
0.632     8204.481  2750.089  
0.633     8205.811  2744.717  
0.633     8206.777  2740.353  
0.634     8207.304  2737.118  
0.634     8207.471  2735.200  
0.635     8207.174  2734.644  
0.635     8206.394  2735.465  
0.636     8205.200  2737.610  
0.636     8203.591  2741.096  
0.637     8201.474  2745.809  
0.637     8199.094  2751.133  
0.638     8196.319  2757.408  
0.638     8193.275  2764.074  
0.639     8190.110  2770.801  
0.639     8186.527  2777.713  
0.640     8183.024  2784.282  
0.640     8179.430  2790.363  
0.641     8175.636  2796.061  
0.641     8172.015  2800.897  
0.642     8168.328  2805.259  
0.642     8164.726  2808.816  
0.643     8161.156  2811.769  
0.643     8157.846  2814.139  
0.644     8154.465  2816.164  
0.644     8151.231  2817.716  
0.645     8148.125  2819.189  
0.645     8145.169  2820.307  
0.646     8142.289  2821.461  
0.646     8139.558  2822.535  
0.647     8136.887  2823.773  
0.647     8134.438  2824.654  
0.648     8131.794  2826.246  
0.648     8129.719  2826.938  
0.649     8127.358  2828.423  
0.649     8125.375  2829.245  
0.650     8123.364  2830.180  
0.650     8121.559  2831.022  
0.651     8119.870  2831.662  
0.651     8118.202  2832.535  
0.652     8116.832  2832.993  
0.652     8115.392  2833.912  
0.653     8114.267  2834.606  
0.653     8113.110  2835.626  
0.654     8112.077  2836.868  
0.654     8111.364  2838.045  
0.655     8110.625  2839.744  
0.655     8110.193  2841.359  
0.656     8109.769  2843.262  
0.656     8109.687  2845.107  
0.657     8109.816  2846.794  
0.657     8109.990  2848.412  
0.658     8110.616  2849.525  
0.658     8111.411  2850.295  
0.658     8112.461  2850.321  
0.659     8113.793  2849.690  
0.659     8115.489  2848.172  
0.660     8117.265  2846.056  
0.660     8119.440  2842.632  
0.661     8121.767  2838.840  
0.661     8124.376  2833.781  
0.662     8127.084  2828.326  
0.662     8129.938  2822.108  
0.663     8132.829  2815.629  
0.663     8135.739  2808.881  
0.664     8138.609  2802.167  
0.664     8141.488  2795.610  
0.665     8144.003  2789.742  
0.665     8146.519  2784.413  
0.666     8148.768  2780.033  
0.666     8150.654  2776.791  
0.667     8152.344  2774.729  
0.667     8153.770  2773.946  
0.668     8154.819  2774.372  
0.668     8155.526  2776.124  
0.669     8156.058  2778.954  
0.669     8156.324  2782.673  
0.670     8156.270  2787.160  
0.670     8156.217  2792.106  
0.671     8156.008  2797.300  
0.671     8155.608  2802.643  
0.672     8155.345  2807.598  
0.672     8154.996  2812.435  
0.673     8154.795  2816.499  
0.673     8154.573  2820.118  
0.674     8154.677  2822.751  
0.674     8154.858  2824.795  
0.675     8155.235  2825.991  
0.675     8155.784  2826.398  
0.676     8156.681  2826.107  
0.676     8157.717  2825.165  
0.677     8158.956  2823.658  
0.677     8160.421  2821.768  
0.678     8162.013  2819.786  
0.678     8163.962  2817.173  
0.679     8165.807  2815.025  
0.679     8167.994  2812.575  
0.680     8170.236  2810.380  
0.680     8172.593  2808.371  
0.681     8175.123  2806.548  
0.681     8177.687  2805.058  
0.682     8180.381  2803.775  
0.682     8183.172  2802.768  
0.683     8186.096  2801.730  
0.683     8188.980  2801.110  
0.684     8192.169  2800.067  
0.684     8195.276  2799.291  
0.685     8198.674  2797.949  
0.685     8202.084  2796.602  
0.686     8205.687  2794.590  
0.686     8209.261  2792.470  
0.687     8213.203  2789.491  
0.687     8216.946  2786.360  
0.688     8220.975  2782.600  
0.688     8225.050  2778.385  
0.689     8229.095  2773.916  
0.689     8233.294  2769.042  
0.690     8237.327  2764.282  
0.690     8241.394  2759.343  
0.691     8245.407  2754.536  
0.691     8249.315  2749.869  
0.692     8253.066  2745.575  
0.692     8256.770  2741.519  
0.693     8260.217  2737.987  
0.693     8263.513  2734.879  
0.694     8266.582  2732.177  
0.694     8269.542  2729.893  
0.695     8272.113  2728.100  
0.695     8274.565  2726.671  
0.696     8276.796  2725.391  
0.696     8278.728  2724.587  
0.697     8280.562  2723.656  
0.697     8281.923  2723.317  
0.698     8283.441  2722.539  
0.698     8284.315  2722.435  
0.699     8285.184  2721.930  
0.699     8285.882  2721.581  
0.700     8286.246  2721.349  
0.700     8286.423  2720.930  
0.701     8286.318  2720.911  
0.701     8286.138  2720.396  
0.702     8285.518  2720.583  
0.702     8284.897  2720.281  
0.703     8283.824  2720.479  
0.703     8282.620  2720.529  
0.704     8281.125  2721.013  
0.704     8279.490  2721.504  
0.705     8277.436  2722.471  
0.705     8275.240  2723.533  
0.706     8272.751  2725.176  
0.706     8270.070  2727.029  
0.707     8267.048  2729.517  
0.707     8263.820  2732.321  
0.708     8260.399  2735.702  
0.708     8256.774  2739.414  
0.709     8252.940  2743.552  
0.709     8248.953  2748.103  
0.710     8244.801  2752.884  
0.710     8240.587  2757.782  
0.711     8236.257  2762.816  
0.711     8231.916  2767.781  
0.712     8227.539  2772.519  
0.712     8223.065  2777.254  
0.713     8218.741  2781.377  
0.713     8214.423  2785.336  
0.714     8210.145  2788.855  
0.714     8205.922  2791.956  
0.715     8201.907  2794.604  
0.715     8197.830  2797.004  
0.716     8194.019  2798.919  
0.716     8190.276  2800.774  
0.717     8186.561  2802.410  
0.717     8183.076  2803.962  
0.718     8179.615  2805.665  
0.718     8176.300  2807.261  
0.719     8173.099  2809.070  
0.719     8170.021  2810.929  
0.720     8167.055  2813.015  
0.720     8164.264  2815.133  
0.721     8161.580  2817.399  
0.721     8159.017  2819.738  
0.722     8156.719  2821.924  
0.722     8154.459  2824.178  
0.722     8152.477  2826.065  
0.723     8150.700  2827.708  
0.723     8149.054  2829.006  
0.724     8147.697  2829.762  
0.724     8146.533  2829.980  
0.725     8145.524  2829.559  
0.725     8144.779  2828.582  
0.726     8144.296  2826.721  
0.726     8143.823  2824.614  
0.727     8143.666  2821.598  
0.727     8143.478  2818.520  
0.728     8143.494  2814.869  
0.728     8143.460  2811.402  
0.729     8143.539  2807.755  
0.729     8143.538  2804.406  
0.730     8143.487  2801.556  
0.730     8143.427  2799.213  
0.731     8143.215  2797.731  
0.731     8142.921  2796.886  
0.732     8142.420  2797.175  
0.732     8141.942  2798.199  
0.733     8141.146  2800.154  
0.733     8140.364  2802.762  
0.734     8139.551  2806.056  
0.734     8138.595  2809.598  
0.735     8137.635  2813.592  
0.735     8136.791  2817.412  
0.736     8135.818  2821.295  
0.736     8135.019  2824.745  
0.737     8134.326  2827.732  
0.737     8133.778  2830.147  
0.738     8133.394  2831.702  
0.738     8133.167  2832.701  
0.739     8133.151  2832.691  
0.739     8133.277  2832.205  
0.740     8133.661  2830.891  
0.740     8134.157  2828.898  
0.741     8134.727  2826.752  
0.741     8135.649  2823.814  
0.742     8136.443  2821.035  
0.742     8137.460  2817.940  
0.743     8138.550  2814.974  
0.743     8139.540  2812.204  
0.744     8140.655  2809.805  
0.744     8141.729  2807.608  
0.745     8142.758  2805.934  
0.745     8143.707  2804.724  
0.746     8144.801  2803.722  
0.746     8145.539  2803.450  
0.747     8146.543  2803.051  
0.747     8147.263  2803.283  
0.748     8148.042  2803.356  
0.748     8148.783  2803.527  
0.749     8149.426  2803.667  
0.749     8150.154  2803.504  
0.750     8150.651  2803.500  
0.750     8151.371  2802.858  
0.751     8151.796  2802.515  
0.751     8152.355  2801.682  
0.752     8152.819  2801.095  
0.752     8153.274  2800.299  
0.753     8153.574  2799.894  
0.753     8153.978  2799.592  
0.754     8154.213  2799.762  
0.754     8154.474  2800.216  
0.755     8154.613  2801.283  
0.755     8154.773  2802.759  
0.756     8154.961  2804.741  
0.756     8154.985  2807.176  
0.757     8155.211  2809.843  
0.757     8155.325  2812.938  
0.758     8155.706  2815.820  
0.758     8156.030  2819.017  
0.759     8156.608  2821.611  
0.759     8157.268  2824.319  
0.760     8158.252  2826.263  
0.760     8159.312  2827.937  
0.761     8160.689  2828.717  
0.761     8162.403  2828.820  
0.762     8164.220  2828.201  
0.762     8166.430  2826.526  
0.763     8168.858  2824.149  
0.763     8171.482  2820.633  
0.764     8174.397  2816.456  
0.764     8177.577  2811.148  
0.765     8180.729  2805.320  
0.765     8184.113  2798.686  
0.766     8187.599  2791.560  
0.766     8190.987  2784.094  
0.767     8194.419  2776.506  
0.767     8197.748  2768.832  
0.768     8200.807  2761.723  
0.768     8203.730  2755.042  
0.769     8206.332  2749.225  
0.769     8208.673  2744.380  
0.770     8210.591  2740.880  
0.770     8212.211  2738.441  
0.771     8213.417  2737.584  
0.771     8214.139  2738.110  
0.772     8214.592  2739.881  
0.772     8214.615  2743.131  
0.773     8214.314  2747.213  
0.773     8213.660  2752.353  
0.774     8212.842  2758.026  
0.774     8211.770  2764.077  
0.775     8210.533  2770.476  
0.775     8209.238  2776.534  
0.776     8207.833  2782.607  
0.776     8206.577  2787.965  
0.777     8205.239  2792.942  
0.777     8204.021  2797.159  
0.778     8202.960  2800.647  
0.778     8202.032  2803.457  
0.779     8201.396  2805.125  
0.779     8200.779  2806.469  
0.780     8200.588  2806.716  
0.780     8200.437  2806.514  
0.781     8200.601  2805.673  
0.781     8200.952  2804.278  
0.782     8201.446  2802.522  
0.782     8202.166  2800.332  
0.783     8203.043  2798.021  
0.783     8203.992  2795.416  
0.784     8205.079  2792.795  
0.784     8206.372  2789.962  
0.785     8207.613  2787.332  
0.785     8208.974  2784.614  
0.785     8210.359  2782.086  
0.786     8211.747  2779.737  
0.786     8213.154  2777.498  
0.787     8214.462  2775.674  
0.787     8215.940  2773.847  
0.788     8217.190  2772.485  
0.788     8218.427  2771.421  
0.789     8219.742  2770.458  
0.789     8220.854  2769.860  
0.790     8221.947  2769.484  
0.790     8223.043  2769.345  
0.791     8224.062  2769.246  
0.791     8224.972  2769.325  
0.792     8225.913  2769.354  
0.792     8226.814  2769.291  
0.793     8227.609  2769.364  
0.793     8228.458  2768.915  
0.794     8229.194  2768.655  
0.794     8230.004  2767.862  
0.795     8230.675  2767.004  
0.795     8231.336  2765.753  
0.796     8231.993  2764.424  
0.796     8232.611  2762.648  
0.797     8233.031  2760.922  
0.797     8233.443  2759.020  
0.798     8233.814  2756.939  
0.798     8233.926  2754.988  
0.799     8234.031  2752.898  
0.799     8233.917  2751.145  
0.800     8233.579  2749.455  
0.800     8233.149  2748.030  
0.801     8232.465  2746.939  
0.801     8231.489  2746.186  
0.802     8230.318  2746.031  
0.802     8228.969  2746.017  
0.803     8227.320  2746.587  
0.803     8225.401  2747.702  
0.804     8223.299  2749.082  
0.804     8220.933  2751.228  
0.805     8218.235  2753.784  
0.805     8215.398  2756.668  
0.806     8212.409  2760.068  
0.806     8209.141  2763.839  
0.807     8205.697  2767.928  
0.807     8202.173  2772.329  
0.808     8198.488  2776.937  
0.808     8194.781  2781.613  
0.809     8191.043  2786.266  
0.809     8187.084  2791.260  
0.810     8183.432  2795.698  
0.810     8179.511  2800.483  
0.811     8175.781  2804.771  
0.811     8172.231  2808.733  
0.812     8168.587  2812.559  
0.812     8165.277  2815.766  
0.813     8161.980  2818.763  
0.813     8158.966  2821.143  
0.814     8156.042  2823.338  
0.814     8153.342  2825.003  
0.815     8150.754  2826.614  
0.815     8148.567  2827.402  
0.816     8146.342  2828.471  
0.816     8144.504  2828.969  
0.817     8142.763  2829.482  
0.817     8141.235  2829.955  
0.818     8139.972  2830.167  
0.818     8138.721  2830.707  
0.819     8137.786  2830.922  
0.819     8136.984  2831.312  
0.820     8136.431  2831.528  
0.820     8136.043  2831.658  
0.821     8135.773  2831.804  
0.821     8135.766  2831.433  
0.822     8135.937  2830.968  
0.822     8136.243  2830.061  
0.823     8136.965  2828.012  
0.823     8137.085  2827.716  
0.823     8137.242  2827.354  
0.823     8137.545  2826.534  
0.824     8138.119  2824.893  
0.824     8138.664  2823.232  
0.824     8139.237  2821.448  
0.825     8140.011  2819.170  
0.825     8140.724  2816.838  
0.825     8141.971  2812.739  
0.826     8142.943  2809.687  
0.826     8143.784  2806.920  
0.827     8144.607  2804.061  
0.827     8146.123  2799.433  
0.829     8149.142  2790.774  
0.831     8150.111  2790.796  
0.832     8149.854  2796.295  
0.833     8148.744  2805.112  
0.835     8147.503  2814.387  
0.836     8146.707  2821.673  
0.837     8146.979  2824.935  
0.839     8149.207  2823.816  
