Time      Mean      STD       
0.000     9998.961  0.725     
0.000     9998.961  0.725     
0.000     9998.961  0.726     
0.000     9998.961  0.727     
0.000     9998.959  0.731     
0.000     9998.952  0.743     
0.000     9998.940  0.761     
0.001     9998.882  0.840     
0.001     9998.785  0.956     
0.002     9998.647  1.110     
0.002     9998.470  1.294     
0.003     9998.251  1.511     
0.003     9997.985  1.765     
0.004     9997.498  2.213     
0.004     9996.896  2.753     
0.005     9996.164  3.401     
0.006     9995.295  4.159     
0.007     9994.265  5.052     
0.008     9991.547  7.397     
0.009     9987.874  10.537    
0.011     9982.918  14.789    
0.012     9976.274  20.481    
0.013     9967.377  28.034    
0.015     9955.580  38.065    
0.016     9939.468  51.570    
0.018     9918.508  69.206    
0.019     9890.651  92.457    
0.020     9853.502  123.203   
0.022     9805.022  163.312   
0.023     9741.086  215.533   
0.024     9656.716  283.467   
0.026     9546.825  370.556   
0.027     9404.206  480.933   
0.029     9220.148  619.530   
0.030     9053.649  740.636   
0.031     8854.758  879.775   
0.032     8621.082  1036.754  
0.033     8347.723  1210.416  
0.034     8031.375  1399.225  
0.035     7671.213  1597.776  
0.036     7265.802  1800.586  
0.037     6817.657  2000.018  
0.038     6331.363  2184.907  
0.039     5816.202  2344.791  
0.040     5282.907  2467.936  
0.040     4885.237  2529.468  
0.041     4492.789  2562.079  
0.042     4113.995  2563.085  
0.043     3756.232  2532.291  
0.043     3426.400  2469.953  
0.044     3134.726  2379.381  
0.045     2886.103  2265.638  
0.046     2685.560  2139.085  
0.046     2537.819  2008.979  
0.047     2446.092  1889.585  
0.048     2412.618  1793.863  
0.049     2436.782  1735.250  
0.049     2516.315  1720.518  
0.050     2648.694  1749.965  
0.051     2830.081  1814.871  
0.052     3054.018  1904.829  
0.052     3314.699  2006.497  
0.053     3607.872  2106.694  
0.054     3927.150  2196.235  
0.055     4264.310  2271.721  
0.055     4612.688  2329.100  
0.056     4967.884  2365.870  
0.057     5323.672  2382.391  
0.058     5675.955  2378.955  
0.058     6020.339  2356.697  
0.059     6352.484  2319.063  
0.060     6670.780  2267.655  
0.061     7159.668  2159.113  
0.062     7598.480  2029.362  
0.064     7986.534  1887.320  
0.065     8324.033  1740.100  
0.066     8613.712  1592.548  
0.067     8860.683  1446.375  
0.068     9068.785  1303.799  
0.070     9243.000  1164.352  
0.071     9388.058  1028.366  
0.072     9507.907  896.910   
0.073     9606.498  771.399   
0.075     9686.898  654.104   
0.076     9752.223  546.790   
0.077     9804.851  451.413   
0.078     9846.944  368.297   
0.080     9880.424  297.661   
0.081     9906.926  238.482   
0.082     9927.782  189.830   
0.083     9944.062  150.352   
0.085     9956.725  118.326   
0.086     9966.471  92.729    
0.087     9973.871  72.600    
0.088     9979.403  56.758    
0.089     9983.376  44.631    
0.091     9986.042  35.963    
0.092     9987.593  30.635    
0.093     9988.128  29.324    
0.094     9987.623  32.514    
0.096     9986.117  39.614    
0.097     9983.463  50.461    
0.098     9979.546  65.040    
0.099     9974.090  83.793    
0.101     9966.801  107.786   
0.102     9957.243  137.717   
0.103     9944.915  175.135   
0.104     9929.022  221.456   
0.105     9908.892  278.098   
0.107     9883.425  346.751   
0.108     9851.432  428.833   
0.109     9811.817  524.555   
0.110     9762.970  634.521   
0.112     9703.215  758.583   
0.113     9631.047  896.364   
0.114     9544.447  1046.407  
0.115     9442.050  1207.585  
0.117     9321.889  1378.366  
0.118     9182.441  1557.229  
0.119     9022.479  1741.993  
0.120     8841.364  1931.472  
0.121     8638.735  2123.874  
0.123     8415.119  2318.451  
0.124     8172.864  2512.012  
0.125     7914.515  2702.946  
0.126     7716.709  2838.489  
0.127     7514.971  2966.194  
0.128     7312.326  3082.361  
0.129     7111.798  3184.108  
0.130     6915.811  3267.329  
0.131     6727.885  3329.953  
0.132     6550.831  3370.230  
0.132     6386.707  3388.768  
0.133     6236.954  3387.078  
0.134     6103.084  3368.397  
0.135     5985.202  3338.026  
0.136     5883.193  3300.444  
0.137     5796.903  3261.265  
0.138     5726.478  3223.951  
0.139     5671.393  3190.717  
0.140     5630.758  3163.129  
0.141     5604.130  3141.072  
0.141     5591.561  3122.803  
0.142     5591.854  3106.906  
0.143     5605.650  3092.457  
0.144     5630.894  3079.904  
0.145     5667.215  3071.121  
0.146     5713.957  3067.432  
0.147     5770.136  3071.667  
0.148     5834.826  3084.891  
0.149     5908.429  3106.889  
0.150     5990.071  3135.614  
0.151     6080.301  3168.045  
0.151     6178.852  3200.209  
0.152     6286.216  3226.865  
0.153     6402.531  3243.223  
0.154     6527.370  3245.175  
0.155     6660.614  3229.758  
0.156     6800.668  3196.215  
0.157     6945.650  3145.513  
0.158     7094.314  3079.632  
0.159     7243.734  3002.724  
0.160     7391.934  2920.247  
0.161     7536.697  2838.910  
0.161     7676.017  2764.991  
0.162     7808.631  2703.805  
0.163     7933.965  2657.744  
0.164     8051.850  2626.555  
0.165     8162.566  2607.059  
0.166     8267.249  2593.452  
0.167     8366.685  2579.416  
0.168     8462.350  2558.185  
0.169     8555.177  2525.186  
0.170     8645.456  2477.696  
0.171     8734.221  2413.091  
0.171     8820.911  2333.078  
0.172     8905.309  2240.128  
0.173     8986.955  2136.986  
0.174     9065.001  2028.032  
0.175     9138.739  1917.853  
0.176     9207.448  1810.527  
0.177     9270.759  1710.396  
0.178     9328.180  1621.261  
0.179     9379.406  1545.952  
0.180     9424.715  1485.539  
0.180     9464.206  1440.722  
0.181     9498.270  1410.448  
0.182     9527.504  1391.978  
0.183     9552.315  1382.498  
0.184     9573.417  1378.936  
0.185     9591.364  1377.211  
0.186     9606.609  1374.321  
0.187     9619.773  1366.673  
0.188     9630.850  1353.335  
0.189     9640.299  1332.595  
0.190     9647.674  1305.735  
0.190     9653.237  1273.699  
0.191     9656.410  1239.228  
0.192     9657.111  1205.779  
0.193     9654.492  1178.185  
0.194     9648.348  1160.658  
0.195     9638.125  1156.642  
0.196     9623.444  1168.760  
0.197     9604.060  1197.506  
0.198     9579.824  1241.307  
0.199     9550.573  1298.072  
0.200     9516.224  1364.083  
0.200     9476.818  1436.136  
0.201     9432.456  1510.984  
0.202     9382.878  1586.350  
0.203     9328.067  1661.110  
0.204     9268.143  1734.676  
0.205     9202.759  1808.794  
0.206     9131.697  1884.529  
0.207     9054.838  1964.093  
0.208     8971.844  2049.227  
0.209     8883.105  2140.898  
0.209     8788.691  2239.595  
0.210     8688.627  2344.805  
0.211     8584.346  2454.440  
0.212     8476.057  2566.042  
0.213     8365.715  2676.210  
0.214     8254.688  2781.388  
0.215     8144.293  2879.211  
0.216     8036.192  2967.162  
0.217     7931.989  3043.279  
0.218     7833.625  3107.000  
0.219     7741.057  3157.645  
0.219     7656.275  3195.878  
0.220     7579.390  3221.405  
0.221     7511.459  3234.617  
0.222     7451.716  3235.955  
0.223     7400.205  3226.817  
0.224     7356.413  3207.691  
0.225     7319.414  3181.600  
0.226     7287.607  3151.824  
0.227     7260.391  3121.547  
0.228     7236.180  3095.120  
0.229     7213.986  3076.164  
0.229     7193.181  3067.276  
0.230     7173.081  3069.066  
0.231     7154.374  3081.212  
0.232     7136.615  3100.869  
0.233     7120.934  3125.447  
0.234     7108.155  3150.130  
0.235     7099.097  3171.885  
0.236     7094.072  3188.163  
0.237     7094.340  3196.326  
0.238     7099.820  3194.925  
0.239     7111.020  3184.502  
0.239     7126.710  3166.689  
0.240     7146.637  3143.067  
0.241     7170.272  3116.085  
0.242     7196.814  3088.426  
0.243     7224.438  3063.375  
0.244     7253.159  3042.682  
0.245     7281.942  3027.655  
0.246     7310.368  3019.671  
0.247     7338.484  3017.546  
0.248     7366.321  3020.751  
0.248     7393.894  3027.737  
0.249     7422.039  3036.684  
0.250     7450.770  3045.890  
0.251     7480.597  3054.654  
0.252     7512.076  3062.832  
0.253     7545.744  3070.038  
0.254     7582.021  3076.952  
0.255     7621.577  3083.431  
0.256     7664.849  3089.651  
0.257     7712.243  3094.171  
0.258     7764.847  3094.403  
0.258     7822.349  3087.435  
0.259     7885.697  3069.739  
0.260     7954.317  3038.540  
0.261     8028.585  2991.618  
0.262     8107.294  2928.328  
0.263     8189.552  2849.895  
0.264     8273.485  2759.062  
0.265     8357.724  2658.897  
0.266     8440.459  2553.100  
0.267     8519.867  2446.643  
0.268     8594.036  2344.429  
0.268     8661.590  2250.463  
0.269     8721.895  2169.951  
0.270     8773.225  2107.704  
0.271     8815.696  2067.616  
0.272     8848.818  2051.636  
0.273     8873.193  2058.813  
0.274     8889.889  2085.946  
0.275     8899.253  2128.596  
0.276     8902.967  2180.964  
0.277     8902.178  2236.764  
0.278     8898.411  2291.275  
0.278     8893.068  2339.791  
0.279     8887.181  2379.706  
0.280     8882.142  2408.462  
0.281     8878.055  2426.132  
0.282     8875.742  2433.080  
0.283     8874.980  2430.049  
0.284     8876.119  2417.503  
0.285     8878.436  2397.174  
0.286     8881.732  2370.446  
0.287     8884.914  2339.110  
0.287     8887.827  2304.116  
0.288     8889.124  2267.594  
0.289     8888.023  2232.030  
0.290     8883.738  2199.520  
0.291     8874.736  2172.990  
0.292     8860.700  2155.592  
0.293     8840.880  2149.963  
0.294     8814.277  2159.192  
0.295     8781.191  2184.796  
0.296     8741.009  2227.690  
0.297     8694.370  2285.777  
0.297     8641.352  2357.123  
0.298     8583.444  2437.017  
0.299     8521.117  2521.653  
0.300     8456.201  2606.561  
0.301     8389.525  2688.482  
0.302     8323.126  2764.351  
0.303     8257.772  2832.794  
0.304     8194.807  2893.570  
0.305     8135.610  2945.486  
0.306     8080.673  2989.223  
0.307     8031.120  3024.652  
0.307     7987.413  3052.668  
0.308     7949.557  3073.225  
0.309     7918.881  3086.341  
0.310     7894.523  3091.859  
0.311     7877.128  3090.334  
0.312     7865.895  3080.869  
0.313     7860.588  3063.829  
0.314     7860.625  3038.748  
0.315     7864.939  3006.426  
0.316     7872.568  2968.060  
0.316     7882.265  2926.170  
0.317     7892.505  2883.531  
0.318     7902.069  2844.296  
0.319     7909.941  2812.467  
0.320     7914.725  2791.037  
0.321     7916.435  2781.647  
0.322     7914.331  2785.248  
0.323     7908.625  2800.928  
0.324     7899.560  2825.910  
0.325     7888.115  2856.775  
0.326     7875.169  2890.460  
0.326     7861.528  2924.744  
0.327     7848.221  2957.512  
0.328     7836.000  2987.264  
0.329     7826.532  3011.778  
0.330     7819.747  3030.469  
0.331     7816.715  3042.025  
0.332     7817.485  3045.217  
0.333     7822.623  3040.004  
0.334     7831.438  3026.548  
0.335     7844.190  3005.575  
0.336     7859.632  2979.805  
0.336     7877.484  2950.270  
0.337     7896.949  2919.957  
0.338     7916.515  2891.060  
0.339     7936.200  2865.053  
0.340     7955.079  2842.975  
0.341     7972.631  2826.257  
0.342     7988.648  2815.646  
0.343     8002.513  2810.613  
0.344     8014.874  2810.885  
0.345     8025.560  2815.577  
0.346     8034.656  2823.340  
0.346     8042.761  2832.874  
0.347     8050.364  2842.015  
0.348     8057.690  2849.402  
0.349     8065.366  2853.123  
0.350     8073.078  2852.381  
0.351     8081.551  2846.824  
0.352     8090.176  2836.574  
0.353     8098.869  2822.756  
0.354     8107.272  2807.717  
0.355     8115.410  2793.920  
0.355     8122.376  2783.853  
0.356     8128.481  2780.785  
0.357     8133.214  2786.639  
0.358     8137.211  2802.463  
0.359     8140.876  2826.948  
0.360     8145.195  2857.797  
0.361     8150.987  2890.917  
0.362     8159.376  2922.027  
0.363     8171.775  2946.233  
0.364     8189.073  2958.773  
0.365     8212.238  2956.019  
0.365     8240.954  2937.328  
0.366     8275.271  2902.105  
0.367     8314.978  2851.575  
0.368     8358.271  2789.372  
0.369     8404.112  2718.817  
0.370     8451.117  2643.732  
0.371     8497.352  2567.336  
0.372     8542.195  2491.974  
0.373     8583.222  2419.950  
0.374     8620.086  2352.828  
0.375     8650.684  2291.987  
0.375     8674.710  2239.236  
0.376     8690.986  2196.865  
0.377     8698.733  2168.101  
0.378     8697.463  2155.828  
0.379     8686.596  2162.855  
0.380     8666.654  2191.401  
0.381     8637.344  2241.177  
0.382     8599.641  2310.727  
0.383     8554.666  2394.229  
0.384     8503.853  2486.470  
0.384     8448.808  2581.431  
0.385     8391.403  2672.440  
0.386     8333.386  2754.972  
0.387     8276.448  2826.112  
0.388     8221.984  2883.594  
0.389     8171.330  2927.820  
0.390     8124.678  2959.984  
0.391     8083.000  2981.924  
0.392     8046.001  2995.862  
0.393     8014.530  3004.290  
0.394     7987.598  3009.393  
0.394     7965.660  3012.696  
0.395     7948.219  3015.004  
0.396     7935.507  3016.939  
0.397     7926.992  3019.097  
0.398     7922.808  3020.688  
0.399     7923.237  3020.710  
0.400     7927.858  3018.964  
0.401     7937.007  3013.896  
0.402     7950.477  3004.870  
0.403     7968.353  2990.544  
0.404     7989.636  2970.254  
0.404     8014.761  2942.341  
0.405     8042.447  2906.866  
0.406     8071.947  2864.324  
0.407     8102.232  2815.819  
0.408     8132.188  2764.016  
0.409     8160.559  2712.206  
0.410     8185.976  2664.730  
0.411     8207.529  2625.308  
0.412     8224.229  2597.525  
0.413     8235.078  2584.246  
0.414     8240.534  2584.293  
0.414     8240.435  2597.311  
0.415     8234.884  2620.738  
0.416     8224.813  2651.875  
0.417     8210.539  2687.374  
0.418     8193.538  2724.009  
0.419     8174.515  2760.194  
0.420     8154.275  2795.549  
0.421     8133.906  2829.180  
0.422     8113.721  2861.425  
0.423     8095.363  2891.732  
0.423     8078.529  2920.255  
0.424     8064.428  2945.768  
0.425     8054.065  2966.012  
0.426     8047.984  2978.868  
0.427     8046.033  2983.939  
0.428     8049.025  2979.365  
0.429     8056.074  2965.633  
0.430     8067.248  2943.334  
0.431     8081.838  2914.477  
0.432     8098.894  2880.886  
0.433     8117.965  2844.809  
0.433     8137.866  2808.850  
0.434     8157.480  2775.161  
0.435     8176.487  2744.432  
0.436     8193.527  2718.755  
0.437     8208.393  2698.986  
0.438     8220.770  2685.817  
0.439     8230.073  2679.489  
0.440     8236.741  2680.749  
0.441     8240.687  2688.957  
0.442     8241.989  2703.884  
0.443     8241.254  2723.723  
0.443     8239.110  2746.441  
0.444     8236.481  2769.067  
0.445     8233.650  2789.445  
0.446     8231.653  2805.825  
0.447     8230.912  2816.730  
0.448     8231.354  2821.519  
0.449     8233.551  2819.903  
0.450     8237.230  2812.519  
0.451     8242.220  2799.117  
0.452     8248.539  2780.416  
0.453     8255.202  2758.045  
0.453     8261.921  2732.970  
0.454     8268.027  2707.399  
0.455     8272.608  2683.069  
0.456     8275.006  2662.440  
0.457     8274.568  2647.285  
0.458     8270.975  2639.319  
0.459     8263.627  2639.716  
0.460     8252.977  2647.695  
0.461     8238.569  2664.002  
0.462     8221.095  2687.172  
0.462     8200.700  2715.878  
0.463     8177.818  2749.484  
0.464     8153.886  2784.963  
0.465     8129.269  2822.356  
0.466     8104.620  2860.751  
0.467     8081.260  2897.780  
0.468     8059.902  2932.387  
0.469     8041.772  2962.450  
0.470     8026.875  2986.890  
0.471     8016.775  3002.902  
0.472     8011.656  3009.408  
0.472     8011.456  3006.371  
0.473     8016.004  2994.120  
0.474     8025.120  2973.922  
0.475     8038.287  2946.923  
0.476     8054.687  2916.357  
0.477     8073.641  2883.707  
0.478     8093.859  2851.289  
0.479     8114.773  2820.066  
0.480     8135.796  2790.733  
0.481     8155.883  2764.085  
0.482     8175.031  2740.026  
0.482     8192.095  2718.747  
0.483     8207.011  2701.461  
0.484     8219.386  2688.260  
0.485     8229.227  2679.885  
0.486     8235.971  2677.243  
0.487     8239.953  2680.871  
0.488     8240.769  2691.165  
0.489     8239.773  2706.406  
0.490     8236.717  2726.246  
0.491     8232.428  2749.056  
0.491     8227.359  2773.218  
0.492     8222.194  2796.697  
0.493     8217.914  2816.788  
0.494     8214.985  2831.821  
0.495     8213.688  2839.923  
0.496     8214.448  2840.122  
0.497     8217.073  2831.812  
0.498     8221.384  2815.139  
0.499     8227.155  2791.393  
0.500     8233.624  2763.396  
0.501     8239.475  2734.770  
0.501     8244.722  2707.702  
0.502     8248.232  2686.126  
0.503     8249.029  2673.068  
0.504     8247.430  2670.367  
0.505     8242.315  2679.079  
0.506     8234.898  2697.787  
0.507     8225.119  2724.746  
0.508     8213.560  2756.599  
0.509     8201.627  2788.660  
0.510     8189.378  2816.973  
0.511     8178.431  2838.307  
0.511     8168.551  2850.789  
0.512     8160.426  2853.474  
0.513     8153.982  2848.023  
0.514     8149.053  2836.948  
0.515     8145.106  2824.189  
0.516     8141.860  2814.283  
0.517     8138.349  2811.104  
0.518     8134.919  2816.244  
0.519     8131.791  2829.368  
0.520     8128.813  2848.795  
0.521     8127.144  2871.024  
0.521     8127.110  2891.738  
0.522     8129.749  2907.396  
0.523     8135.384  2914.796  
0.524     8144.245  2913.105  
0.525     8156.596  2901.992  
0.526     8172.461  2882.053  
0.527     8190.899  2855.510  
0.528     8211.392  2824.562  
0.529     8233.479  2790.905  
0.530     8256.076  2756.440  
0.530     8278.769  2722.068  
0.531     8300.319  2689.382  
0.532     8320.703  2658.715  
0.533     8338.850  2630.993  
0.534     8354.307  2607.898  
0.535     8366.332  2590.562  
0.536     8375.204  2579.717  
0.537     8380.404  2576.051  
0.538     8381.666  2580.237  
0.539     8379.528  2591.229  
0.540     8374.001  2607.764  
0.540     8365.680  2628.016  
0.541     8354.914  2650.005  
0.542     8342.158  2671.600  
0.543     8328.172  2691.058  
0.544     8313.085  2707.844  
0.545     8297.183  2722.071  
0.546     8280.715  2733.496  
0.547     8263.911  2743.476  
0.548     8246.513  2752.738  
0.549     8228.855  2761.913  
0.550     8210.967  2771.649  
0.550     8192.690  2781.783  
0.551     8174.222  2791.880  
0.552     8155.726  2801.844  
0.553     8136.841  2811.130  
0.554     8118.120  2819.254  
0.555     8099.338  2825.947  
0.556     8080.506  2831.786  
0.557     8061.468  2837.211  
0.558     8042.149  2842.327  
0.559     8022.788  2847.790  
0.560     8003.014  2854.550  
0.560     7982.753  2863.440  
0.561     7962.476  2874.810  
0.562     7941.709  2889.681  
0.563     7921.475  2907.399  
0.564     7901.364  2926.849  
0.565     7882.366  2947.002  
0.566     7864.511  2965.995  
0.567     7848.950  2982.567  
0.568     7835.152  2995.780  
0.569     7823.952  3006.221  
0.569     7815.686  3013.216  
0.570     7810.644  3017.640  
0.571     7808.302  3021.185  
0.572     7809.419  3023.556  
0.573     7813.572  3025.564  
0.574     7821.108  3027.338  
0.575     7832.490  3028.254  
0.576     7847.351  3027.783  
0.577     7866.157  3024.745  
0.578     7888.883  3018.583  
0.579     7915.254  3008.758  
0.579     7945.732  2993.770  
0.580     7979.974  2973.797  
0.581     8017.519  2949.200  
0.582     8058.190  2920.593  
0.583     8101.269  2888.751  
0.584     8146.345  2854.527  
0.585     8193.017  2817.346  
0.586     8240.764  2777.314  
0.587     8288.820  2733.767  
0.588     8336.585  2686.709  
0.589     8383.083  2635.274  
0.589     8427.848  2580.243  
0.590     8469.786  2522.457  
0.591     8507.820  2463.863  
0.592     8541.446  2407.362  
0.593     8568.968  2357.203  
0.594     8590.145  2316.904  
0.595     8603.902  2290.023  
0.596     8609.706  2280.054  
0.597     8607.688  2287.982  
0.598     8597.929  2314.009  
0.598     8580.700  2356.483  
0.599     8557.293  2411.894  
0.600     8528.479  2476.289  
0.601     8495.309  2545.648  
0.602     8460.098  2614.327  
0.603     8423.267  2678.751  
0.604     8386.530  2735.464  
0.605     8351.354  2781.679  
0.606     8318.256  2816.473  
0.607     8287.706  2840.023  
0.608     8260.736  2853.187  
0.608     8236.425  2858.530  
0.609     8215.624  2858.656  
0.610     8197.164  2857.041  
0.611     8181.055  2856.640  
0.612     8167.038  2858.956  
0.613     8155.075  2864.697  
0.614     8144.900  2873.077  
0.615     8137.123  2882.143  
0.616     8131.735  2890.510  
0.617     8128.267  2896.702  
0.618     8128.105  2898.211  
0.618     8130.413  2895.083  
0.619     8135.364  2888.046  
0.620     8142.881  2877.783  
0.621     8152.316  2865.409  
0.622     8164.205  2851.585  
0.623     8177.356  2837.289  
0.624     8192.146  2822.330  
0.625     8207.965  2806.295  
0.626     8224.433  2789.255  
0.627     8241.530  2768.703  
0.628     8258.904  2744.952  
0.628     8275.637  2717.969  
0.629     8291.275  2687.946  
0.630     8304.959  2656.656  
0.631     8316.417  2624.798  
0.632     8324.906  2595.554  
0.633     8328.728  2572.936  
0.634     8328.435  2559.655  
0.635     8322.828  2558.908  
0.636     8312.038  2571.580  
0.637     8296.429  2597.412  
0.637     8276.594  2633.738  
0.638     8253.065  2678.271  
0.639     8226.849  2726.804  
0.640     8199.127  2775.666  
0.641     8171.028  2820.647  
0.642     8143.725  2859.024  
0.643     8118.073  2889.137  
0.644     8094.826  2910.797  
0.645     8074.025  2924.709  
0.646     8056.160  2932.542  
0.647     8041.279  2936.271  
0.647     8029.136  2937.715  
0.648     8020.135  2938.533  
0.649     8013.495  2939.435  
0.650     8009.757  2939.859  
0.651     8008.430  2937.805  
0.652     8009.636  2931.268  
0.653     8013.352  2918.587  
0.654     8018.699  2899.291  
0.655     8025.484  2873.863  
0.656     8032.759  2843.361  
0.657     8039.887  2811.850  
0.657     8045.261  2782.326  
0.658     8048.875  2758.145  
0.659     8049.438  2742.035  
0.660     8046.599  2735.395  
0.661     8040.252  2738.756  
0.662     8030.325  2752.289  
0.663     8016.682  2775.292  
0.664     8000.644  2805.960  
0.665     7982.320  2842.787  
0.666     7963.361  2882.673  
0.667     7944.292  2923.614  
0.667     7926.359  2962.735  
0.668     7911.152  2996.519  
0.669     7899.245  3024.236  
0.670     7891.287  3043.635  
0.671     7888.473  3054.300  
0.672     7890.439  3055.466  
0.673     7898.067  3048.073  
0.674     7910.574  3032.860  
0.675     7927.607  3011.460  
0.676     7949.128  2984.554  
0.676     7973.659  2953.638  
0.677     8001.143  2920.373  
0.678     8030.331  2886.379  
0.679     8060.389  2853.459  
0.680     8091.113  2822.540  
0.681     8121.169  2794.466  
0.682     8150.790  2769.185  
0.683     8179.063  2747.417  
0.684     8205.641  2729.088  
0.685     8230.605  2713.731  
0.686     8253.872  2700.906  
0.686     8274.941  2690.666  
0.687     8294.385  2682.894  
0.688     8312.039  2677.093  
0.689     8327.733  2673.835  
0.690     8341.882  2672.488  
0.691     8354.847  2672.844  
0.692     8366.441  2674.940  
0.693     8377.118  2678.074  
0.694     8386.988  2680.802  
0.695     8396.832  2682.201  
0.696     8406.180  2680.801  
0.696     8415.660  2675.512  
0.697     8424.745  2666.216  
0.698     8433.947  2651.805  
0.699     8442.493  2633.848  
0.700     8450.061  2613.666  
0.701     8456.190  2593.111  
0.702     8460.563  2574.447  
0.703     8462.531  2559.787  
0.704     8461.780  2551.819  
0.705     8457.864  2552.159  
0.705     8450.936  2561.233  
0.706     8441.187  2579.461  
0.707     8428.734  2606.061  
0.708     8414.313  2639.246  
0.709     8398.695  2676.446  
0.710     8382.638  2714.272  
0.711     8367.364  2748.538  
0.712     8353.416  2776.282  
0.713     8341.372  2794.106  
0.714     8331.918  2799.972  
0.715     8324.906  2794.033  
0.715     8319.969  2776.922  
0.716     8316.771  2751.001  
0.717     8314.014  2721.097  
0.718     8311.134  2690.624  
0.719     8306.981  2664.505  
0.720     8300.516  2646.545  
0.721     8291.385  2639.933  
0.722     8278.814  2645.570  
0.723     8263.237  2663.414  
0.724     8244.840  2691.628  
0.725     8224.002  2727.201  
0.725     8201.593  2766.451  
0.726     8178.586  2804.999  
0.727     8155.737  2838.836  
0.728     8134.430  2864.698  
0.729     8114.656  2881.248  
0.730     8096.544  2888.905  
0.731     8080.721  2888.151  
0.732     8066.486  2882.839  
0.733     8053.844  2876.512  
0.734     8042.297  2873.211  
0.735     8031.356  2875.534  
0.735     8021.100  2884.381  
0.736     8011.668  2898.454  
0.737     8003.681  2915.036  
0.738     7997.290  2930.247  
0.739     7992.760  2941.055  
0.740     7990.991  2944.035  
0.741     7991.611  2938.489  
0.742     7994.580  2925.376  
0.743     7999.276  2906.873  
0.744     8005.510  2885.202  
0.744     8012.598  2863.192  
0.745     8019.382  2844.056  
0.746     8026.139  2829.598  
0.747     8031.455  2821.097  
0.748     8035.808  2818.799  
0.750     8041.012  2824.928  
0.750     8042.941  2834.187  
0.751     8044.318  2846.050  
0.752     8045.507  2858.582  
0.753     8047.242  2870.234  
0.754     8049.376  2879.299  
0.755     8052.763  2884.941  
0.756     8057.521  2885.199  
0.757     8063.468  2879.583  
0.758     8070.781  2868.368  
0.759     8078.678  2852.733  
0.760     8087.292  2833.646  
0.760     8096.080  2813.411  
0.761     8104.362  2795.146  
0.762     8111.653  2781.206  
0.763     8117.527  2774.030  
0.764     8121.833  2774.510  
0.765     8124.687  2781.691  
0.766     8126.591  2794.438  
0.767     8127.725  2810.947  
0.768     8128.766  2828.690  
0.769     8130.037  2845.290  
0.769     8132.664  2858.273  
0.770     8136.334  2866.013  
0.771     8141.800  2867.518  
0.772     8148.969  2861.771  
0.773     8158.477  2848.374  
0.774     8169.003  2828.572  
0.775     8180.800  2803.552  
0.776     8192.460  2775.397  
0.777     8203.882  2745.700  
0.778     8214.425  2717.027  
0.779     8222.738  2692.224  
0.779     8228.566  2674.191  
0.780     8231.290  2665.009  
0.781     8230.726  2667.257  
0.783     8223.270  2694.352  
0.784     8209.673  2746.265  
0.786     8193.179  2811.249  
0.787     8178.672  2871.790  
0.788     8170.294  2913.356  
0.790     8171.340  2926.019  
0.791     8182.678  2909.175  
0.793     8203.679  2867.050  
0.794     8223.568  2825.802  
0.795     8245.414  2780.779  
0.796     8268.078  2734.951  
0.797     8290.040  2691.863  
0.798     8309.781  2655.571  
0.799     8326.390  2627.964  
0.800     8338.978  2611.428  
0.801     8347.105  2606.633  
0.802     8351.082  2613.880  
0.803     8350.862  2631.138  
0.804     8347.078  2655.006  
0.805     8340.992  2680.840  
0.806     8335.688  2698.374  
0.807     8329.672  2713.771  
0.808     8323.631  2725.364  
0.808     8317.268  2734.398  
0.809     8311.196  2739.380  
0.810     8305.467  2741.338  
0.811     8299.302  2742.697  
0.811     8293.510  2742.431  
0.812     8288.003  2741.919  
0.813     8281.915  2742.766  
0.814     8276.418  2744.225  
0.814     8270.472  2746.532  
0.815     8264.391  2749.716  
0.816     8258.288  2753.023  
0.817     8251.806  2756.229  
0.817     8245.539  2758.967  
0.818     8238.926  2762.044  
0.819     8232.401  2765.601  
0.820     8225.554  2770.894  
0.821     8218.818  2778.820  
0.821     8211.938  2789.101  
0.822     8205.640  2801.135  
0.823     8199.461  2814.272  
0.824     8194.058  2827.163  
0.824     8189.588  2836.890  
0.825     8186.313  2841.908  
0.826     8183.946  2841.226  
0.827     8183.081  2833.917  
0.827     8183.000  2820.132  
0.828     8183.802  2802.343  
0.829     8184.385  2782.070  
0.830     8185.157  2749.095  
0.832     8183.225  2726.707  
0.833     8177.029  2721.575  
0.834     8166.382  2732.981  
0.835     8151.251  2756.058  
0.837     8133.484  2780.402  
0.838     8112.945  2801.592  
0.839     8098.464  2815.751  
