Time      Mean      STD       
0.000     10000.000 2.000     
0.001     9999.928  2.037     
0.002     9999.708  2.161     
0.003     9999.321  2.412     
0.004     9998.738  2.849     
0.005     9997.910  3.541     
0.006     9996.774  4.564     
0.007     9995.238  6.008     
0.008     9993.182  7.989     
0.009     9990.445  10.657    
0.010     9986.816  14.212    
0.011     9982.016  18.913    
0.012     9975.685  25.091    
0.013     9967.354  33.164    
0.014     9956.426  43.645    
0.015     9942.147  57.146    
0.016     9923.580  74.373    
0.017     9899.587  96.085    
0.018     9868.825  123.032   
0.019     9829.782  155.826   
0.020     9780.848  194.771   
0.021     9720.477  239.625   
0.022     9647.414  289.350   
0.023     9561.028  341.899   
0.024     9461.690  394.148   
0.025     9351.141  442.049   
0.026     9232.751  481.091   
0.027     9111.537  507.046   
0.028     8993.870  516.881   
0.029     8886.856  509.690   
0.030     8797.477  487.400   
0.031     8731.671  455.119   
0.032     8693.544  420.841   
0.033     8684.896  394.010   
0.034     8705.122  382.287   
0.035     8751.488  387.654   
0.036     8819.664  405.599   
0.037     8904.388  428.544   
0.038     9000.118  449.673   
0.039     9101.581  464.529   
0.040     9204.158  470.972   
0.041     9304.104  468.577   
0.042     9398.622  458.027   
0.043     9485.820  440.617   
0.044     9564.605  417.899   
0.045     9634.532  391.445   
0.046     9695.655  362.701   
0.047     9748.376  332.906   
0.048     9793.328  303.068   
0.049     9831.267  273.958   
0.050     9863.001  246.137   
0.051     9889.334  219.984   
0.052     9911.029  195.724   
0.053     9928.786  173.467   
0.054     9943.231  153.233   
0.055     9954.911  134.976   
0.056     9964.298  118.609   
0.057     9971.788  104.016   
0.058     9977.713  91.072    
0.059     9982.345  79.650    
0.060     9985.900  69.642    
0.061     9988.546  60.976    
0.062     9990.410  53.647    
0.063     9991.578  47.760    
0.064     9992.097  43.593    
0.065     9991.982  41.615    
0.066     9991.212  42.393    
0.067     9989.731  46.362    
0.068     9987.448  53.656    
0.069     9984.237  64.197    
0.070     9979.937  77.871    
0.071     9974.356  94.605    
0.072     9967.272  114.357   
0.073     9958.446  137.076   
0.074     9947.629  162.663   
0.075     9934.578  190.949   
0.076     9919.076  221.686   
0.077     9900.953  254.545   
0.078     9880.112  289.121   
0.079     9856.556  324.938   
0.080     9830.414  361.441   
0.081     9801.967  397.950   
0.082     9771.662  433.569   
0.083     9740.104  467.094   
0.084     9708.013  496.979   
0.085     9676.125  521.467   
0.086     9645.055  538.887   
0.087     9615.128  548.098   
0.088     9586.241  548.948   
0.089     9557.808  542.632   
0.090     9528.824  531.793   
0.091     9498.062  520.227   
0.092     9464.368  512.069   
0.093     9426.971  510.566   
0.094     9385.743  516.935   
0.095     9341.346  530.013   
0.096     9295.221  546.965   
0.097     9249.439  564.508   
0.098     9206.448  579.940   
0.099     9168.770  591.661   
0.100     9138.710  599.216   
0.101     9118.114  603.042   
0.102     9108.214  604.075   
0.103     9109.562  603.354   
0.104     9122.039  601.696   
0.105     9144.942  599.509   
0.106     9177.100  596.771   
0.107     9217.022  593.115   
0.108     9263.034  587.996   
0.109     9313.410  580.849   
0.110     9366.482  571.218   
0.111     9420.712  558.823   
0.112     9474.752  543.588   
0.113     9527.472  525.626   
0.114     9577.964  505.207   
0.115     9625.543  482.718   
0.116     9669.720  458.619   
0.117     9710.187  433.415   
0.118     9746.781  407.628   
0.119     9779.457  381.783   
0.120     9808.265  356.397   
0.121     9833.320  331.977   
0.122     9854.780  309.049   
0.123     9872.832  288.189   
0.124     9887.677  270.000   
0.125     9899.520  255.018   
0.126     9908.564  243.588   
0.127     9915.000  235.877   
0.128     9918.995  232.061   
0.129     9920.693  232.484   
0.130     9920.225  237.520   
0.131     9917.728  247.152   
0.132     9913.363  260.652   
0.133     9907.320  276.665   
0.134     9899.804  293.683   
0.135     9891.005  310.538   
0.136     9881.077  326.697   
0.137     9870.120  342.274   
0.138     9858.201  357.807   
0.139     9845.375  373.888   
0.140     9831.730  390.780   
0.141     9817.411  408.182   
0.142     9802.619  425.259   
0.143     9787.582  440.953   
0.144     9772.502  454.448   
0.145     9757.508  465.582   
0.146     9742.637  475.035   
0.147     9727.874  484.159   
0.148     9713.229  494.462   
0.149     9698.842  506.903   
0.150     9685.055  521.348   
0.151     9672.422  536.447   
0.152     9661.636  549.986   
0.153     9653.378  559.494   
0.154     9648.124  562.849   
0.155     9645.977  558.723   
0.156     9646.543  546.853   
0.157     9648.916  528.178   
0.158     9651.755  504.875   
0.159     9653.458  480.276   
0.160     9652.377  458.565   
0.161     9647.050  444.071   
0.162     9636.404  440.119   
0.163     9619.891  447.845   
0.164     9597.558  465.825   
0.165     9570.027  490.822   
0.166     9538.423  519.039   
0.167     9504.244  547.104   
0.168     9469.204  572.523   
0.169     9435.078  593.773   
0.170     9403.557  610.181   
0.171     9376.126  621.705   
0.172     9353.985  628.703   
0.173     9337.988  631.773   
0.174     9328.624  631.681   
0.175     9326.031  629.295   
0.176     9330.044  625.382   
0.177     9340.254  620.329   
0.178     9356.066  614.009   
0.179     9376.721  606.011   
0.180     9401.313  596.175   
0.181     9428.835  585.036   
0.182     9458.266  573.760   
0.183     9488.704  563.473   
0.184     9519.464  554.378   
0.185     9550.096  545.325   
0.186     9580.292  534.250   
0.187     9609.726  519.276   
0.188     9637.924  499.860   
0.189     9664.225  477.476   
0.190     9687.881  455.505   
0.191     9708.249  438.231   
0.192     9724.989  429.068   
0.193     9738.193  428.838   
0.194     9748.382  435.311   
0.195     9756.372  444.394   
0.196     9763.065  451.919   
0.197     9769.228  454.896   
0.198     9775.331  451.959   
0.199     9781.476  443.295   
0.200     9787.415  430.371   
0.201     9792.650  415.621   
0.202     9796.567  402.125   
0.203     9798.594  393.105   
0.204     9798.333  391.147   
0.205     9795.666  397.301   
0.206     9790.799  410.580   
0.207     9784.241  428.280   
0.208     9776.710  446.908   
0.209     9768.984  463.175   
0.210     9761.735  474.698   
0.211     9755.390  480.367   
0.212     9750.044  480.460   
0.213     9745.477  476.558   
0.214     9741.236  471.221   
0.215     9736.797  467.414   
0.216     9731.729  467.697   
0.217     9725.848  473.426   
0.218     9719.296  484.344   
0.219     9712.546  498.743   
0.220     9706.327  514.036   
0.221     9701.484  527.418   
0.222     9698.812  536.409   
0.223     9698.878  539.228   
0.224     9701.896  534.997   
0.225     9707.655  523.752   
0.226     9715.533  506.282   
0.227     9724.567  483.898   
0.228     9733.552  458.323   
0.229     9741.158  431.812   
0.230     9746.041  407.431   
0.231     9746.972  389.130   
0.232     9742.968  381.103   
0.233     9733.426  386.173   
0.234     9718.221  404.114   
0.235     9697.738  431.452   
0.236     9672.804  462.968   
0.237     9644.532  493.588   
0.238     9614.105  519.708   
0.239     9582.574  539.841   
0.240     9550.747  554.703   
0.241     9519.220  566.716   
0.242     9488.544  578.915   
0.243     9459.449  593.492   
0.244     9433.006  610.619   
0.245     9410.639  628.201   
0.246     9393.917  642.660   
0.247     9384.199  650.214   
0.248     9382.221  648.061   
0.249     9387.793  635.185   
0.250     9399.716  612.773   
0.251     9415.963  584.319   
0.252     9434.088  555.320   
0.253     9451.753  532.304   
0.254     9467.216  520.920   
0.255     9479.679  523.597   
0.256     9489.386  538.366   
0.257     9497.481  559.950   
0.258     9505.668  582.107   
0.259     9515.776  599.512   
0.260     9529.340  608.577   
0.261     9547.282  607.496   
0.262     9569.761  595.949   
0.263     9596.182  574.700   
0.264     9625.334  545.267   
0.265     9655.607  509.733   
0.266     9685.222  470.742   
0.267     9712.450  431.623   
0.268     9735.799  396.493   
0.269     9754.156  370.041   
0.270     9766.879  356.576   
0.271     9773.853  358.302   
0.272     9775.489  374.021   
0.273     9772.670  399.593   
0.274     9766.652  429.672   
0.275     9758.907  459.182   
0.276     9750.921  484.028   
0.277     9743.983  501.389   
0.278     9738.993  509.876   
0.279     9736.346  509.616   
0.280     9735.920  502.159   
0.281     9737.178  490.121   
0.282     9739.341  476.579   
0.283     9741.587  464.357   
0.284     9743.204  455.447   
0.285     9743.682  450.802   
0.286     9742.741  450.572   
0.287     9740.327  454.569   
0.288     9736.593  462.592   
0.289     9731.905  474.379   
0.290     9726.850  489.220   
0.291     9722.230  505.533   
0.292     9718.999  520.755   
0.293     9718.118  531.709   
0.294     9720.350  535.265   
0.295     9726.038  529.068   
0.296     9734.940  512.090   
0.297     9746.175  484.949   
0.298     9758.322  450.019   
0.299     9769.624  411.405   
0.300     9778.266  374.816   
0.301     9782.633  347.128   
0.302     9781.530  334.940   
0.303     9774.318  341.866   
0.304     9760.983  366.513   
0.305     9742.140  403.546   
0.306     9718.967  446.453   
0.307     9693.079  489.332   
0.308     9666.322  527.415   
0.309     9640.508  557.123   
0.310     9617.119  576.084   
0.311     9597.037  583.235   
0.312     9580.373  578.953   
0.313     9566.435  565.178   
0.314     9553.866  545.460   
0.315     9540.932  524.793   
0.316     9525.900  509.011   
0.317     9507.444  503.454   
0.318     9484.980  511.133   
0.319     9458.886  531.493   
0.320     9430.534  560.818   
0.321     9402.152  593.898   
0.322     9376.506  625.641   
0.323     9356.489  651.992   
0.324     9344.662  670.240   
0.325     9342.866  679.025   
0.326     9351.961  678.155   
0.327     9371.753  668.284   
0.328     9401.102  650.458   
0.329     9438.141  625.698   
0.330     9480.543  594.771   
0.331     9525.765  558.302   
0.332     9571.243  517.164   
0.333     9614.551  473.009   
0.334     9653.538  428.758   
0.335     9686.457  388.878   
0.336     9712.076  359.170   
0.337     9729.763  345.404   
0.338     9739.534  350.571   
0.339     9742.046  372.730   
0.340     9738.531  405.946   
0.341     9730.653  443.163   
0.342     9720.303  478.302   
0.343     9709.335  507.115   
0.344     9699.319  527.387   
0.345     9691.361  538.836   
0.346     9686.046  542.745   
0.347     9683.497  541.325   
0.348     9683.532  536.906   
0.349     9685.825  531.206   
0.350     9690.027  524.946   
0.351     9695.814  517.946   
0.352     9702.874  509.564   
0.353     9710.851  499.195   
0.354     9719.303  486.613   
0.355     9727.684  472.145   
0.356     9735.349  456.749   
0.357     9741.611  442.085   
0.358     9745.808  430.502   
0.359     9747.414  424.727   
0.360     9746.160  427.097   
0.361     9742.140  438.510   
0.362     9735.881  457.754   
0.363     9728.331  481.713   
0.364     9720.758  506.301   
0.365     9714.558  527.502   
0.366     9711.022  542.101   
0.367     9711.106  548.035   
0.368     9715.267  544.453   
0.369     9723.391  531.632   
0.370     9734.831  510.809   
0.371     9748.534  483.967   
0.372     9763.207  453.530   
0.373     9777.495  421.984   
0.374     9790.115  391.482   
0.375     9799.922  363.595   
0.376     9805.914  339.392   
0.377     9807.188  319.906   
0.378     9802.898  306.784   
0.379     9792.242  302.624   
0.380     9774.509  310.402   
0.381     9749.185  331.995   
0.382     9716.112  366.900   
0.383     9675.659  412.248   
0.384     9628.870  463.781   
0.385     9577.532  516.822   
0.386     9524.130  566.924   
0.387     9471.645  610.346   
0.388     9423.241  644.484   
0.389     9381.874  668.180   
0.390     9349.952  681.784   
0.391     9329.108  686.846   
0.392     9320.140  685.459   
0.393     9323.071  679.435   
0.394     9337.280  669.652   
0.395     9361.619  655.851   
0.396     9394.481  636.990   
0.397     9433.856  611.936   
0.398     9477.391  580.194   
0.399     9522.515  542.400   
0.400     9566.623  500.497   
0.401     9607.285  457.603   
0.402     9642.447  417.679   
0.403     9670.554  385.065   
0.404     9690.612  363.898   
0.405     9702.177  357.348   
0.406     9705.332  366.748   
0.407     9700.678  391.053   
0.408     9689.346  427.054   
0.409     9673.011  470.135   
0.410     9653.842  515.101   
0.411     9634.348  556.850   
0.412     9617.108  590.914   
0.413     9604.408  613.889   
0.414     9597.881  623.755   
0.415     9598.234  620.040   
0.416     9605.159  603.829   
0.417     9617.429  577.613   
0.418     9633.179  545.011   
0.419     9650.256  510.396   
0.420     9666.583  478.413   
0.421     9680.436  453.327   
0.422     9690.621  438.264   
0.423     9696.539  434.571   
0.424     9698.169  441.726   
0.425     9696.008  457.808   
0.426     9690.998  480.141   
0.427     9684.434  505.690   
0.428     9677.862  531.219   
0.429     9672.916  553.440   
0.430     9671.124  569.304   
0.431     9673.674  576.393   
0.432     9681.215  573.279   
0.433     9693.752  559.731   
0.434     9710.648  536.680   
0.435     9730.756  505.997   
0.436     9752.629  470.161   
0.437     9774.737  431.966   
0.438     9795.663  394.324   
0.439     9814.231  360.112   
0.440     9829.570  331.875   
0.441     9841.120  311.244   
0.442     9848.580  298.304   
0.443     9851.807  291.566   
0.444     9850.695  288.913   
0.445     9845.063  289.041   
0.446     9834.593  292.525   
0.447     9818.841  301.883   
0.448     9797.353  320.417   
0.449     9769.841  350.271   
0.450     9736.402  391.000   
0.451     9697.698  439.613   
0.452     9655.070  491.635   
0.453     9610.510  542.229   
0.454     9566.482  587.000   
0.455     9525.612  622.546   
0.456     9490.305  646.829   
0.457     9462.386  659.392   
0.458     9442.875  661.369   
0.459     9431.935  655.234   
0.460     9429.024  644.252   
0.461     9433.159  631.686   
0.462     9443.221  619.939   
0.463     9458.173  609.910   
0.464     9477.160  600.848   
0.465     9499.469  590.781   
0.466     9524.388  577.346   
0.467     9551.049  558.725   
0.468     9578.324  534.407   
0.469     9604.818  505.655   
0.470     9629.000  475.600   
0.471     9649.404  448.808   
0.472     9664.865  430.116   
0.473     9674.699  422.786   
0.474     9678.777  426.906   
0.475     9677.469  439.418   
0.476     9671.480  455.867   
0.477     9661.636  472.398   
0.478     9648.700  486.906   
0.479     9633.263  499.215   
0.480     9615.755  510.652   
0.481     9596.549  523.259   
0.482     9576.129  538.836   
0.483     9555.253  558.050   
0.484     9535.038  579.958   
0.485     9516.937  602.189   
0.486     9502.567  621.690   
0.487     9493.456  635.676   
0.488     9490.758  642.388   
0.489     9495.057  641.414   
0.490     9506.304  633.545   
0.491     9523.902  620.259   
0.492     9546.875  603.069   
0.493     9574.055  582.972   
0.494     9604.224  560.229   
0.495     9636.178  534.535   
0.496     9668.740  505.453   
0.497     9700.748  472.920   
0.498     9731.059  437.617   
0.499     9758.587  401.150   
0.500     9782.358  366.028   
0.501     9801.582  335.474   
0.502     9815.699  313.017   
0.503     9824.415  301.807   
0.504     9827.713  303.689   
0.505     9825.852  318.524   
0.506     9819.386  344.241   
0.507     9809.172  377.459   
0.508     9796.362  414.127   
0.509     9782.342  449.974   
0.510     9768.596  480.908   
0.511     9756.490  503.449   
0.512     9747.023  515.159   
0.513     9740.613  514.980   
0.514     9736.970  503.450   
0.515     9735.121  482.828   
0.516     9733.569  457.128   
0.517     9730.563  431.995   
0.518     9724.420  414.085   
0.519     9713.834  409.484   
0.520     9698.131  421.349   
0.521     9677.420  448.477   
0.522     9652.642  486.226   
0.523     9625.491  528.688   
0.524     9598.233  570.304   
0.525     9573.419  606.506   
0.526     9553.526  633.869   
0.527     9540.586  650.131   
0.528     9535.870  654.226   
0.529     9539.689  646.275   
0.530     9551.380  627.514   
0.531     9569.448  600.118   
0.532     9591.846  566.977   
0.533     9616.307  531.472   
0.534     9640.656  497.224   
0.535     9663.058  467.723   
0.536     9682.173  445.668   
0.537     9697.197  432.145   
0.538     9707.807  426.109   
0.539     9714.015  424.769   
0.540     9715.958  424.804   
0.541     9713.702  423.745   
0.542     9707.090  420.955   
0.543     9695.708  417.968   
0.544     9678.972  418.166   
0.545     9656.327  425.707   
0.546     9627.513  443.864   
0.547     9592.841  473.471   
0.548     9553.407  512.458   
0.549     9511.182  556.608   
0.550     9468.936  600.838   
0.551     9429.960  640.322   
0.552     9397.635  671.250   
0.553     9374.917  691.247   
0.554     9363.888  699.490   
0.555     9365.470  696.547   
0.556     9379.370  683.986   
0.557     9404.255  663.858   
0.558     9438.064  638.141   
0.559     9478.358  608.304   
0.560     9522.623  575.143   
0.561     9568.464  538.968   
0.562     9613.715  500.083   
0.563     9656.481  459.344   
0.564     9695.179  418.586   
0.565     9728.568  380.713   
0.566     9755.789  349.369   
0.567     9776.385  328.077   
0.568     9790.279  319.011   
0.569     9797.725  322.073   
0.570     9799.230  335.106   
0.571     9795.470  355.041   
0.572     9787.226  378.968   
0.573     9775.330  404.598   
0.574     9760.629  430.317   
0.575     9743.961  455.116   
0.576     9726.145  478.508   
0.577     9707.986  500.381   
0.578     9690.290  520.710   
0.579     9673.878  539.216   
0.580     9659.572  555.123   
0.581     9648.137  567.233   
0.582     9640.180  574.312   
0.583     9636.036  575.646   
0.584     9635.699  571.467   
0.585     9638.826  563.028   
0.586     9644.841  552.249   
0.587     9653.074  541.039   
0.588     9662.908  530.578   
0.589     9673.851  520.930   
0.590     9685.534  511.188   
0.591     9697.632  500.096   
0.592     9709.776  486.803   
0.593     9721.493  471.420   
0.594     9732.200  455.160   
0.595     9741.275  440.046   
0.596     9748.147  428.311   
0.597     9752.397  421.732   
0.598     9753.817  421.196   
0.599     9752.439  426.667   
0.600     9748.528  437.409   
0.601     9742.570  452.198   
0.602     9735.234  469.362   
0.603     9727.324  486.750   
0.604     9719.682  501.823   
0.605     9713.042  511.949   
0.606     9707.859  514.863   
0.607     9704.138  509.203   
0.608     9701.326  495.028   
0.609     9698.321  474.244   
0.610     9693.605  450.813   
0.611     9685.494  430.496   
0.612     9672.455  419.718   
0.613     9653.416  423.411   
0.614     9628.005  442.843   
0.615     9596.691  475.309   
0.616     9560.814  515.833   
0.617     9522.499  559.099   
0.618     9484.467  600.447   
0.619     9449.744  636.099   
0.620     9421.287  663.145   
0.621     9401.576  679.566   
0.622     9392.234  684.356   
0.623     9393.779  677.666   
0.624     9405.571  660.870   
0.625     9425.979  636.480   
0.626     9452.727  607.855   
0.627     9483.321  578.663   
0.628     9515.451  552.105   
0.629     9547.265  530.070   
0.630     9577.477  512.598   
0.631     9605.303  498.058   
0.632     9630.277  484.050   
0.633     9652.038  468.607   
0.634     9670.156  451.122   
0.635     9684.060  432.744   
0.636     9693.075  416.235   
0.637     9696.538  405.376   
0.638     9693.954  403.969   
0.639     9685.160  414.605   
0.640     9670.472  437.679   
0.641     9650.794  471.212   
0.642     9627.668  511.471   
0.643     9603.235  553.868   
0.644     9580.065  593.723   
0.645     9560.874  626.835   
0.646     9548.142  649.897   
0.647     9543.725  660.770   
0.648     9548.560  658.612   
0.649     9562.525  643.831   
0.650     9584.504  617.878   
0.651     9612.622  582.916   
0.652     9644.562  541.471   
0.653     9677.896  496.176   
0.654     9710.352  449.730   
0.655     9739.992  405.077   
0.656     9765.309  365.716   
0.657     9785.274  335.808   
0.658     9799.349  319.524   
0.659     9807.475  319.281   
0.660     9810.055  334.003   
0.661     9807.898  359.341   
0.662     9802.124  389.659   
0.663     9794.029  419.835   
0.664     9784.922  446.091   
0.665     9775.950  466.185   
0.666     9767.976  479.322   
0.667     9761.507  485.950   
0.668     9756.707  487.436   
0.669     9753.472  485.645   
0.670     9751.544  482.401   
0.671     9750.623  478.936   
0.672     9750.433  475.497   
0.673     9750.730  471.349   
0.674     9751.239  465.257   
0.675     9751.574  456.316   
0.676     9751.165  444.798   
0.677     9749.265  432.673   
0.678     9745.050  423.456   
0.679     9737.792  421.136   
0.680     9727.054  428.367   
0.681     9712.827  444.978   
0.682     9695.566  467.994   
0.683     9676.098  493.102   
0.684     9655.436  516.356   
0.685     9634.570  535.251   
0.686     9614.295  549.004   
0.687     9595.143  558.262   
0.688     9577.401  564.435   
0.689     9561.203  568.940   
0.690     9546.618  572.617   
0.691     9533.709  575.515   
0.692     9522.523  577.065   
0.693     9513.041  576.480   
0.694     9505.104  573.222   
0.695     9498.369  567.412   
0.696     9492.311  560.130   
0.697     9486.312  553.434   
0.698     9479.814  549.935   
0.699     9472.516  551.846   
0.700     9464.531  559.878   
0.701     9456.451  572.678   
0.702     9449.258  587.280   
0.703     9444.116  600.274   
0.704     9442.092  608.982   
0.705     9443.922  612.133   
0.706     9449.882  609.937   
0.707     9459.801  603.687   
0.708     9473.178  595.105   
0.709     9489.350  585.643   
0.710     9507.629  575.997   
0.711     9527.374  566.024   
0.712     9547.996  555.103   
0.713     9568.910  542.763   
0.714     9589.511  529.253   
0.715     9609.188  515.773   
0.716     9627.396  504.189   
0.717     9643.767  496.295   
0.718     9658.198  492.913   
0.719     9670.877  493.334   
0.720     9682.224  495.468   
0.721     9692.756  496.632   
0.722     9702.909  494.538   
0.723     9712.902  488.070   
0.724     9722.665  477.644   
0.725     9731.880  465.092   
0.726     9740.096  453.121   
0.727     9746.889  444.444   
0.728     9752.008  440.868   
0.729     9755.451  442.741   
0.730     9757.485  449.055   
0.731     9758.593  458.045   
0.732     9759.397  467.846   
0.733     9760.569  476.871   
0.734     9762.762  483.841   
0.735     9766.548  487.642   
0.736     9772.358  487.181   
0.737     9780.428  481.377   
0.738     9790.742  469.321   
0.739     9802.993  450.549   
0.740     9816.581  425.298   
0.741     9830.660  394.660   
0.742     9844.224  360.599   
0.743     9856.222  325.856   
0.744     9865.669  293.813   
0.745     9871.723  268.286   
0.746     9873.737  253.024   
0.747     9871.268  250.712   
0.748     9864.081  261.910   
0.749     9852.149  284.985   
0.750     9835.659  317.096   
0.751     9815.039  355.110   
0.752     9790.974  395.898   
0.753     9764.391  436.321   
0.754     9736.391  473.269   
0.755     9708.110  503.890   
0.756     9680.519  525.947   
0.757     9654.220  538.219   
0.758     9629.289  540.854   
0.759     9605.220  535.599   
0.760     9581.026  525.815   
0.761     9555.472  516.129   
0.762     9527.405  511.566   
0.763     9496.111  516.162   
0.764     9461.619  531.539   
0.765     9424.877  556.303   
0.766     9387.760  586.676   
0.767     9352.871  617.821   
0.768     9323.171  645.073   
0.769     9301.487  664.700   
0.770     9289.997  674.247   
0.771     9289.827  672.624   
0.772     9300.828  660.093   
0.773     9321.617  638.202   
0.774     9349.836  609.637   
0.775     9382.584  577.917   
0.776     9416.881  546.884   
0.777     9450.083  520.049   
0.778     9480.136  499.955   
0.779     9505.696  487.822   
0.780     9526.096  483.596   
0.781     9541.255  486.317   
0.782     9551.554  494.575   
0.783     9557.717  506.846   
0.784     9560.708  521.687   
0.785     9561.658  537.809   
0.786     9561.788  554.055   
0.787     9562.356  569.314   
0.788     9564.579  582.421   
0.789     9569.560  592.121   
0.790     9578.189  597.164   
0.791     9591.050  596.481   
0.792     9608.346  589.376   
0.793     9629.875  575.636   
0.794     9655.056  555.526   
0.795     9683.009  529.704   
0.796     9712.665  499.116   
0.797     9742.886  464.901   
0.798     9772.574  428.317   
0.799     9800.753  390.700   
0.800     9826.626  353.455   
