total_time:0.01
dt:1e-06
c:188.49555921538757
n_atoms:4000
q:-10.0
time                 rho_0                std                 
0.00000000          4000.00000000       0.00000000          
0.00003000          3999.99993606       0.01130856          
0.00006000          3999.99974424       0.02261845          
0.00009000          3999.99942452       0.03393066          
0.00012000          3999.99897688       0.04524688          
0.00015000          3999.99840129       0.05656828          
0.00018000          3999.99769770       0.06789610          
0.00021000          3999.99686608       0.07923156          
0.00024000          3999.99590635       0.09057605          
0.00027000          3999.99481846       0.10193081          
0.00030000          3999.99360232       0.11329704          
0.00033000          3999.99225785       0.12467614          
0.00036000          3999.99078495       0.13606936          
0.00039000          3999.98918351       0.14747795          
0.00042000          3999.98745344       0.15890326          
0.00045000          3999.98559459       0.17034647          
0.00048000          3999.98360685       0.18180898          
0.00051000          3999.98149006       0.19329202          
0.00054000          3999.97924408       0.20479688          
0.00057000          3999.97686876       0.21632486          
0.00060000          3999.97436392       0.22787724          
0.00063000          3999.97172938       0.23945534          
0.00066000          3999.96896496       0.25106038          
0.00069000          3999.96607046       0.26269367          
0.00072000          3999.96304568       0.27435651          
0.00075000          3999.95989040       0.28605020          
0.00078000          3999.95660440       0.29777601          
0.00081000          3999.95318744       0.30953524          
0.00084000          3999.94963930       0.32132919          
0.00087000          3999.94595970       0.33315915          
0.00090000          3999.94214839       0.34502637          
0.00093000          3999.93820511       0.35693221          
0.00096000          3999.93412957       0.36887790          
0.00099000          3999.92992149       0.38086480          
0.00102000          3999.92558056       0.39289416          
0.00105000          3999.92110648       0.40496728          
0.00108000          3999.91649892       0.41708546          
0.00111000          3999.91175758       0.42925002          
0.00114000          3999.90688210       0.44146224          
0.00117000          3999.90187215       0.45372344          
0.00120000          3999.89672736       0.46603490          
0.00123000          3999.89144738       0.47839794          
0.00126000          3999.88603183       0.49081386          
0.00129000          3999.88048033       0.50328397          
0.00132000          3999.87479248       0.51580956          
0.00135000          3999.86896787       0.52839195          
0.00138000          3999.86300611       0.54103244          
0.00141000          3999.85690676       0.55373236          
0.00144000          3999.85066939       0.56649302          
0.00147000          3999.84429357       0.57931573          
0.00150000          3999.83777883       0.59220181          
0.00153000          3999.83112473       0.60515258          
0.00156000          3999.82433078       0.61816936          
0.00159000          3999.81739650       0.63125346          
0.00162000          3999.81032141       0.64440621          
0.00165000          3999.80310500       0.65762894          
0.00168000          3999.79574676       0.67092298          
0.00171000          3999.78824618       0.68428966          
0.00174000          3999.78060271       0.69773030          
0.00177000          3999.77281582       0.71124625          
0.00180000          3999.76488496       0.72483885          
0.00183000          3999.75680956       0.73850941          
0.00186000          3999.74858906       0.75225931          
0.00189000          3999.74022286       0.76608987          
0.00192000          3999.73171039       0.78000245          
0.00195000          3999.72305103       0.79399839          
0.00198000          3999.71424417       0.80807905          
0.00201000          3999.70528918       0.82224579          
0.00204000          3999.69618545       0.83649996          
0.00207000          3999.68693231       0.85084292          
0.00210000          3999.67752911       0.86527605          
0.00213000          3999.66797519       0.87980068          
0.00216000          3999.65826988       0.89441823          
0.00219000          3999.64841247       0.90913005          
0.00222000          3999.63840229       0.92393751          
0.00225000          3999.62823861       0.93884201          
0.00228000          3999.61792071       0.95384494          
0.00231000          3999.60744788       0.96894766          
0.00234000          3999.59681936       0.98415159          
0.00237000          3999.58603440       0.99945812          
0.00240000          3999.57509224       1.01486865          
0.00243000          3999.56399211       1.03038458          
0.00246000          3999.55273321       1.04600731          
0.00249000          3999.54131475       1.06173828          
0.00252000          3999.52973593       1.07757890          
0.00255000          3999.51799592       1.09353059          
0.00258000          3999.50609389       1.10959477          
0.00261000          3999.49402900       1.12577287          
0.00264000          3999.48180039       1.14206634          
0.00267000          3999.46940721       1.15847663          
0.00270000          3999.45684856       1.17500516          
0.00273000          3999.44412357       1.19165340          
0.00276000          3999.43123133       1.20842281          
0.00279000          3999.41817093       1.22531484          
0.00282000          3999.40494145       1.24233098          
0.00285000          3999.39154194       1.25947267          
0.00288000          3999.37797146       1.27674143          
0.00291000          3999.36422905       1.29413872          
0.00294000          3999.35031374       1.31166603          
0.00297000          3999.33622454       1.32932487          
0.00300000          3999.32196046       1.34711674          
0.00303000          3999.30752048       1.36504315          
0.00306000          3999.29290359       1.38310562          
0.00309000          3999.27810874       1.40130566          
0.00312000          3999.26313489       1.41964482          
0.00315000          3999.24798099       1.43812462          
0.00318000          3999.23264596       1.45674661          
0.00321000          3999.21712871       1.47551235          
0.00324000          3999.20142815       1.49442338          
0.00327000          3999.18554316       1.51348128          
0.00330000          3999.16947263       1.53268762          
0.00333000          3999.15321541       1.55204397          
0.00336000          3999.13677036       1.57155193          
0.00339000          3999.12013630       1.59121309          
0.00342000          3999.10331207       1.61102906          
0.00345000          3999.08629648       1.63100145          
0.00348000          3999.06908831       1.65113187          
0.00351000          3999.05168636       1.67142196          
0.00354000          3999.03408939       1.69187334          
0.00357000          3999.01629616       1.71248768          
0.00360000          3998.99830540       1.73326662          
0.00363000          3998.98011586       1.75421183          
0.00366000          3998.96172623       1.77532497          
0.00369000          3998.94313522       1.79660774          
0.00372000          3998.92434151       1.81806181          
0.00375000          3998.90534378       1.83968889          
0.00378000          3998.88614068       1.86149069          
0.00381000          3998.86673085       1.88346893          
0.00384000          3998.84711293       1.90562533          
0.00387000          3998.82728551       1.92796165          
0.00390000          3998.80724721       1.95047961          
0.00393000          3998.78699661       1.97318100          
0.00396000          3998.76653226       1.99606757          
0.00399000          3998.74585273       2.01914111          
0.00402000          3998.72495656       2.04240340          
0.00405000          3998.70384226       2.06585625          
0.00408000          3998.68250835       2.08950147          
0.00411000          3998.66095331       2.11334089          
0.00414000          3998.63917562       2.13737634          
0.00417000          3998.61717375       2.16160967          
0.00420000          3998.59494613       2.18604274          
0.00423000          3998.57249120       2.21067742          
0.00426000          3998.54980737       2.23551559          
0.00429000          3998.52689304       2.26055914          
0.00432000          3998.50374658       2.28580999          
0.00435000          3998.48036636       2.31127004          
0.00438000          3998.45675073       2.33694123          
0.00441000          3998.43289802       2.36282551          
0.00444000          3998.40880655       2.38892484          
0.00447000          3998.38447461       2.41524117          
0.00450000          3998.35990048       2.44177651          
0.00453000          3998.33508243       2.46853282          
0.00456000          3998.31001870       2.49551215          
0.00459000          3998.28470752       2.52271649          
0.00462000          3998.25914711       2.55014790          
0.00465000          3998.23333566       2.57780842          
0.00468000          3998.20727134       2.60570012          
0.00471000          3998.18095232       2.63382508          
0.00474000          3998.15437674       2.66218538          
0.00477000          3998.12754272       2.69078314          
0.00480000          3998.10044835       2.71962049          
0.00483000          3998.07309175       2.74869955          
0.00486000          3998.04547095       2.77802249          
0.00489000          3998.01758403       2.80759147          
0.00492000          3997.98942901       2.83740868          
0.00495000          3997.96100390       2.86747631          
0.00498000          3997.93230670       2.89779657          
0.00501000          3997.90333537       2.92837171          
0.00504000          3997.87408788       2.95920397          
0.00507000          3997.84456216       2.99029560          
0.00510000          3997.81475612       3.02164890          
0.00513000          3997.78466766       3.05326615          
0.00516000          3997.75429466       3.08514967          
0.00519000          3997.72363498       3.11730179          
0.00522000          3997.69268645       3.14972485          
0.00525000          3997.66144688       3.18242123          
0.00528000          3997.62991408       3.21539331          
0.00531000          3997.59808581       3.24864347          
0.00534000          3997.56595984       3.28217415          
0.00537000          3997.53353389       3.31598777          
0.00540000          3997.50080568       3.35008679          
0.00543000          3997.46777289       3.38447368          
0.00546000          3997.43443321       3.41915094          
0.00549000          3997.40078427       3.45412107          
0.00552000          3997.36682371       3.48938660          
0.00555000          3997.33254913       3.52495008          
0.00558000          3997.29795811       3.56081407          
0.00561000          3997.26304821       3.59698117          
0.00564000          3997.22781697       3.63345397          
0.00567000          3997.19226191       3.67023511          
0.00570000          3997.15638052       3.70732722          
0.00573000          3997.12017027       3.74473298          
0.00576000          3997.08362861       3.78245508          
0.00579000          3997.04675296       3.82049621          
0.00582000          3997.00954073       3.85885912          
0.00585000          3996.97198928       3.89754654          
0.00588000          3996.93409598       3.93656125          
0.00591000          3996.89585816       3.97590605          
0.00594000          3996.85727311       4.01558373          
0.00597000          3996.81833812       4.05559715          
0.00600000          3996.77905045       4.09594916          
0.00603000          3996.73940733       4.13664263          
0.00606000          3996.69940597       4.17768048          
0.00609000          3996.65904354       4.21906562          
0.00612000          3996.61831721       4.26080100          
0.00615000          3996.57722411       4.30288960          
0.00618000          3996.53576135       4.34533441          
0.00621000          3996.49392599       4.38813844          
0.00624000          3996.45171511       4.43130475          
0.00627000          3996.40912572       4.47483639          
0.00630000          3996.36615483       4.51873645          
0.00633000          3996.32279941       4.56300805          
0.00636000          3996.27905641       4.60765433          
0.00639000          3996.23492275       4.65267845          
0.00642000          3996.19039533       4.69808359          
0.00645000          3996.14547101       4.74387298          
0.00648000          3996.10014663       4.79004985          
0.00651000          3996.05441900       4.83661747          
0.00654000          3996.00828491       4.88357913          
0.00657000          3995.96174110       4.93093814          
0.00660000          3995.91478431       4.97869785          
0.00663000          3995.86741123       5.02686162          
0.00666000          3995.81961853       5.07543287          
0.00669000          3995.77140284       5.12441500          
0.00672000          3995.72276078       5.17381147          
0.00675000          3995.67368893       5.22362576          
0.00678000          3995.62418384       5.27386138          
0.00681000          3995.57424202       5.32452185          
0.00684000          3995.52385996       5.37561075          
0.00687000          3995.47303413       5.42713166          
0.00690000          3995.42176095       5.47908821          
0.00693000          3995.37003682       5.53148404          
0.00696000          3995.31785811       5.58432283          
0.00699000          3995.26522113       5.63760829          
0.00702000          3995.21212221       5.69134416          
0.00705000          3995.15855761       5.74553420          
0.00708000          3995.10452356       5.80018222          
0.00711000          3995.05001627       5.85529203          
0.00714000          3994.99503192       5.91086750          
0.00717000          3994.93956663       5.96691252          
0.00720000          3994.88361652       6.02343102          
0.00723000          3994.82717766       6.08042693          
0.00726000          3994.77024609       6.13790425          
0.00729000          3994.71281780       6.19586700          
0.00732000          3994.65488878       6.25431922          
0.00735000          3994.59645494       6.31326499          
0.00738000          3994.53751220       6.37270843          
0.00741000          3994.47805642       6.43265368          
0.00744000          3994.41808342       6.49310494          
0.00747000          3994.35758899       6.55406640          
0.00750000          3994.29656891       6.61554232          
0.00753000          3994.23501888       6.67753698          
0.00756000          3994.17293458       6.74005471          
0.00759000          3994.11031167       6.80309984          
0.00762000          3994.04714576       6.86667677          
0.00765000          3993.98343241       6.93078992          
0.00768000          3993.91916717       6.99544374          
0.00771000          3993.85434551       7.06064274          
0.00774000          3993.78896292       7.12639144          
0.00777000          3993.72301479       7.19269441          
0.00780000          3993.65649651       7.25955625          
0.00783000          3993.58940343       7.32698160          
0.00786000          3993.52173084       7.39497513          
0.00789000          3993.45347400       7.46354158          
0.00792000          3993.38462813       7.53268568          
0.00795000          3993.31518841       7.60241223          
0.00798000          3993.24514998       7.67272606          
0.00801000          3993.17450794       7.74363204          
0.00804000          3993.10325734       7.81513508          
0.00807000          3993.03139320       7.88724013          
0.00810000          3992.95891048       7.95995217          
0.00813000          3992.88580412       8.03327623          
0.00816000          3992.81206900       8.10721738          
0.00819000          3992.73769996       8.18178074          
0.00822000          3992.66269180       8.25697144          
0.00825000          3992.58703928       8.33279468          
0.00828000          3992.51073711       8.40925570          
0.00831000          3992.43377995       8.48635978          
0.00834000          3992.35616243       8.56411222          
0.00837000          3992.27787911       8.64251840          
0.00840000          3992.19892453       8.72158370          
0.00843000          3992.11929317       8.80131360          
0.00846000          3992.03897947       8.88171356          
0.00849000          3991.95797782       8.96278914          
0.00852000          3991.87628256       9.04454590          
0.00855000          3991.79388798       9.12698948          
0.00858000          3991.71078834       9.21012554          
0.00861000          3991.62697784       9.29395980          
0.00864000          3991.54245061       9.37849802          
0.00867000          3991.45720077       9.46374601          
0.00870000          3991.37122236       9.54970962          
0.00873000          3991.28450939       9.63639476          
0.00876000          3991.19705581       9.72380736          
0.00879000          3991.10885551       9.81195343          
0.00882000          3991.01990235       9.90083901          
0.00885000          3990.93019013       9.99047020          
0.00888000          3990.83971259       10.08085313         
0.00891000          3990.74846343       10.17199399         
0.00894000          3990.65643628       10.26389903         
0.00897000          3990.56362474       10.35657453         
0.00900000          3990.47002234       10.45002683         
0.00903000          3990.37562255       10.54426232         
0.00906000          3990.28041881       10.63928746         
0.00909000          3990.18440449       10.73510871         
0.00912000          3990.08757290       10.83173265         
0.00915000          3989.98991730       10.92916585         
0.00918000          3989.89143089       11.02741497         
0.00921000          3989.79210683       11.12648671         
0.00924000          3989.69193821       11.22638782         
0.00927000          3989.59091805       11.32712513         
0.00930000          3989.48903933       11.42870548         
0.00933000          3989.38629496       11.53113581         
0.00936000          3989.28267782       11.63442307         
0.00939000          3989.17818068       11.73857431         
0.00942000          3989.07279630       11.84359660         
0.00945000          3988.96651735       11.94949710         
0.00948000          3988.85933645       12.05628298         
0.00951000          3988.75124615       12.16396151         
0.00954000          3988.64223895       12.27254001         
0.00957000          3988.53230728       12.38202583         
0.00960000          3988.42144351       12.49242642         
0.00963000          3988.30963995       12.60374925         
0.00966000          3988.19688883       12.71600187         
0.00969000          3988.08318235       12.82919189         
0.00972000          3987.96851261       12.94332698         
0.00975000          3987.85287167       13.05841486         
0.00978000          3987.73625150       13.17446332         
0.00981000          3987.61864402       13.29148021         
0.00984000          3987.50004108       13.40947344         
0.00987000          3987.38043448       13.52845098         
0.00990000          3987.25981591       13.64842087         
0.00993000          3987.13817704       13.76939121         
0.00996000          3987.01550943       13.89137016         
0.00999000          3986.89180461       14.01436595         
