total_time:0.01
dt:1e-06
c:188.49555921538757
n_atoms:4000
q:-9.0
time                 rho_0                std                 
0.00000000          4000.00000000       0.00000000          
0.00003000          3999.99993606       0.01130865          
0.00006000          3999.99974424       0.02261828          
0.00009000          3999.99942452       0.03393077          
0.00012000          3999.99897689       0.04524679          
0.00015000          3999.99840131       0.05656800          
0.00018000          3999.99769775       0.06789547          
0.00021000          3999.99686615       0.07923063          
0.00024000          3999.99590648       0.09057463          
0.00027000          3999.99481866       0.10192877          
0.00030000          3999.99360263       0.11329425          
0.00033000          3999.99225830       0.12467243          
0.00036000          3999.99078559       0.13606450          
0.00039000          3999.98918440       0.14747183          
0.00042000          3999.98745463       0.15889557          
0.00045000          3999.98559616       0.17033706          
0.00048000          3999.98360888       0.18179758          
0.00051000          3999.98149265       0.19327834          
0.00054000          3999.97924735       0.20478064          
0.00057000          3999.97687281       0.21630573          
0.00060000          3999.97436889       0.22785487          
0.00063000          3999.97173542       0.23942937          
0.00066000          3999.96897224       0.25103047          
0.00069000          3999.96607916       0.26265944          
0.00072000          3999.96305600       0.27431753          
0.00075000          3999.95990255       0.28600604          
0.00078000          3999.95661862       0.29772621          
0.00081000          3999.95320399       0.30947932          
0.00084000          3999.94965843       0.32126665          
0.00087000          3999.94598173       0.33308945          
0.00090000          3999.94217363       0.34494902          
0.00093000          3999.93823389       0.35684661          
0.00096000          3999.93416226       0.36878348          
0.00099000          3999.92995846       0.38076094          
0.00102000          3999.92562223       0.39278021          
0.00105000          3999.92115329       0.40484259          
0.00108000          3999.91655134       0.41694935          
0.00111000          3999.91181608       0.42910174          
0.00114000          3999.90694722       0.44130107          
0.00117000          3999.90194442       0.45354859          
0.00120000          3999.89680736       0.46584558          
0.00123000          3999.89153572       0.47819332          
0.00126000          3999.88612914       0.49059306          
0.00129000          3999.88058728       0.50304612          
0.00132000          3999.87490978       0.51555374          
0.00135000          3999.86909626       0.52811722          
0.00138000          3999.86314635       0.54073783          
0.00141000          3999.85705966       0.55341684          
0.00144000          3999.85083580       0.56615552          
0.00147000          3999.84447436       0.57895519          
0.00150000          3999.83797493       0.59181710          
0.00153000          3999.83133709       0.60474255          
0.00156000          3999.82456039       0.61773281          
0.00159000          3999.81764441       0.63078918          
0.00162000          3999.81058870       0.64391293          
0.00165000          3999.80339279       0.65710537          
0.00168000          3999.79605621       0.67036777          
0.00171000          3999.78857850       0.68370142          
0.00174000          3999.78095916       0.69710761          
0.00177000          3999.77319769       0.71058765          
0.00180000          3999.76529360       0.72414283          
0.00183000          3999.75724637       0.73777442          
0.00186000          3999.74905548       0.75148376          
0.00189000          3999.74072039       0.76527211          
0.00192000          3999.73224057       0.77914079          
0.00195000          3999.72361545       0.79309110          
0.00198000          3999.71484449       0.80712435          
0.00201000          3999.70592711       0.82124184          
0.00204000          3999.69686273       0.83544488          
0.00207000          3999.68765075       0.84973478          
0.00210000          3999.67829060       0.86411285          
0.00213000          3999.66878164       0.87858042          
0.00216000          3999.65912327       0.89313878          
0.00219000          3999.64931487       0.90778928          
0.00222000          3999.63935578       0.92253323          
0.00225000          3999.62924536       0.93737195          
0.00228000          3999.61898297       0.95230678          
0.00231000          3999.60856792       0.96733904          
0.00234000          3999.59799954       0.98247006          
0.00237000          3999.58727715       0.99770119          
0.00240000          3999.57640005       1.01303375          
0.00243000          3999.56536754       1.02846909          
0.00246000          3999.55417888       1.04400857          
0.00249000          3999.54283337       1.05965352          
0.00252000          3999.53133025       1.07540530          
0.00255000          3999.51966879       1.09126526          
0.00258000          3999.50784823       1.10723476          
0.00261000          3999.49586779       1.12331516          
0.00264000          3999.48372670       1.13950784          
0.00267000          3999.47142417       1.15581415          
0.00270000          3999.45895940       1.17223548          
0.00273000          3999.44633159       1.18877320          
0.00276000          3999.43353990       1.20542868          
0.00279000          3999.42058351       1.22220333          
0.00282000          3999.40746158       1.23909852          
0.00285000          3999.39417325       1.25611566          
0.00288000          3999.38071767       1.27325613          
0.00291000          3999.36709395       1.29052135          
0.00294000          3999.35330122       1.30791272          
0.00297000          3999.33933857       1.32543166          
0.00300000          3999.32520510       1.34307959          
0.00303000          3999.31089989       1.36085791          
0.00306000          3999.29642202       1.37876807          
0.00309000          3999.28177054       1.39681150          
0.00312000          3999.26694449       1.41498964          
0.00315000          3999.25194292       1.43330393          
0.00318000          3999.23676486       1.45175581          
0.00321000          3999.22140931       1.47034675          
0.00324000          3999.20587528       1.48907820          
0.00327000          3999.19016176       1.50795163          
0.00330000          3999.17426774       1.52696851          
0.00333000          3999.15819217       1.54613033          
0.00336000          3999.14193401       1.56543858          
0.00339000          3999.12549221       1.58489472          
0.00342000          3999.10886570       1.60450028          
0.00345000          3999.09205341       1.62425675          
0.00348000          3999.07505423       1.64416564          
0.00351000          3999.05786707       1.66422848          
0.00354000          3999.04049080       1.68444678          
0.00357000          3999.02292431       1.70482207          
0.00360000          3999.00516645       1.72535591          
0.00363000          3998.98721607       1.74604983          
0.00366000          3998.96907199       1.76690538          
0.00369000          3998.95073306       1.78792414          
0.00372000          3998.93219806       1.80910766          
0.00375000          3998.91346581       1.83045753          
0.00378000          3998.89453509       1.85197532          
0.00381000          3998.87540466       1.87366264          
0.00384000          3998.85607328       1.89552109          
0.00387000          3998.83653970       1.91755226          
0.00390000          3998.81680266       1.93975779          
0.00393000          3998.79686086       1.96213929          
0.00396000          3998.77671303       1.98469840          
0.00399000          3998.75635784       2.00743676          
0.00402000          3998.73579398       2.03035604          
0.00405000          3998.71502011       2.05345788          
0.00408000          3998.69403489       2.07674396          
0.00411000          3998.67283695       2.10021596          
0.00414000          3998.65142493       2.12387557          
0.00417000          3998.62979742       2.14772449          
0.00420000          3998.60795302       2.17176443          
0.00423000          3998.58589033       2.19599710          
0.00426000          3998.56360791       2.22042424          
0.00429000          3998.54110430       2.24504758          
0.00432000          3998.51837806       2.26986887          
0.00435000          3998.49542771       2.29488988          
0.00438000          3998.47225175       2.32011237          
0.00441000          3998.44884870       2.34553812          
0.00444000          3998.42521702       2.37116892          
0.00447000          3998.40135518       2.39700658          
0.00450000          3998.37726165       2.42305291          
0.00453000          3998.35293485       2.44930973          
0.00456000          3998.32837321       2.47577889          
0.00459000          3998.30357513       2.50246222          
0.00462000          3998.27853901       2.52936159          
0.00465000          3998.25326323       2.55647886          
0.00468000          3998.22774614       2.58381592          
0.00471000          3998.20198609       2.61137467          
0.00474000          3998.17598141       2.63915701          
0.00477000          3998.14973041       2.66716486          
0.00480000          3998.12323140       2.69540016          
0.00483000          3998.09648266       2.72386484          
0.00486000          3998.06948245       2.75256086          
0.00489000          3998.04222901       2.78149020          
0.00492000          3998.01472060       2.81065484          
0.00495000          3997.98695541       2.84005677          
0.00498000          3997.95893166       2.86969800          
0.00501000          3997.93064753       2.89958056          
0.00504000          3997.90210118       2.92970648          
0.00507000          3997.87329076       2.96007781          
0.00510000          3997.84421442       2.99069662          
0.00513000          3997.81487025       3.02156499          
0.00516000          3997.78525637       3.05268500          
0.00519000          3997.75537085       3.08405877          
0.00522000          3997.72521176       3.11568843          
0.00525000          3997.69477715       3.14757609          
0.00528000          3997.66406504       3.17972391          
0.00531000          3997.63307344       3.21213408          
0.00534000          3997.60180035       3.24480875          
0.00537000          3997.57024374       3.27775013          
0.00540000          3997.53840157       3.31096043          
0.00543000          3997.50627178       3.34444188          
0.00546000          3997.47385228       3.37819673          
0.00549000          3997.44114098       3.41222722          
0.00552000          3997.40813575       3.44653565          
0.00555000          3997.37483447       3.48112429          
0.00558000          3997.34123497       3.51599546          
0.00561000          3997.30733509       3.55115148          
0.00564000          3997.27313262       3.58659469          
0.00567000          3997.23862535       3.62232746          
0.00570000          3997.20381106       3.65835216          
0.00573000          3997.16868748       3.69467117          
0.00576000          3997.13325234       3.73128692          
0.00579000          3997.09750336       3.76820182          
0.00582000          3997.06143821       3.80541832          
0.00585000          3997.02505456       3.84293890          
0.00588000          3996.98835007       3.88076601          
0.00591000          3996.95132235       3.91890218          
0.00594000          3996.91396901       3.95734991          
0.00597000          3996.87628764       3.99611174          
0.00600000          3996.83827579       4.03519022          
0.00603000          3996.79993101       4.07458793          
0.00606000          3996.76125082       4.11430747          
0.00609000          3996.72223271       4.15435144          
0.00612000          3996.68287417       4.19472248          
0.00615000          3996.64317265       4.23542324          
0.00618000          3996.60312559       4.27645638          
0.00621000          3996.56273038       4.31782461          
0.00624000          3996.52198443       4.35953062          
0.00627000          3996.48088510       4.40157716          
0.00630000          3996.43942973       4.44396697          
0.00633000          3996.39761564       4.48670283          
0.00636000          3996.35544013       4.52978752          
0.00639000          3996.31290048       4.57322387          
0.00642000          3996.26999393       4.61701471          
0.00645000          3996.22671772       4.66116290          
0.00648000          3996.18306904       4.70567131          
0.00651000          3996.13904509       4.75054285          
0.00654000          3996.09464301       4.79578043          
0.00657000          3996.04985994       4.84138701          
0.00660000          3996.00469298       4.88736555          
0.00663000          3995.95913922       4.93371903          
0.00666000          3995.91319571       4.98045048          
0.00669000          3995.86685949       5.02756291          
0.00672000          3995.82012758       5.07505940          
0.00675000          3995.77299694       5.12294303          
0.00678000          3995.72546454       5.17121689          
0.00681000          3995.67752731       5.21988412          
0.00684000          3995.62918216       5.26894786          
0.00687000          3995.58042596       5.31841131          
0.00690000          3995.53125557       5.36827765          
0.00693000          3995.48166782       5.41855010          
0.00696000          3995.43165951       5.46923193          
0.00699000          3995.38122741       5.52032641          
0.00702000          3995.33036826       5.57183683          
0.00705000          3995.27907879       5.62376652          
0.00708000          3995.22735570       5.67611883          
0.00711000          3995.17519563       5.72889713          
0.00714000          3995.12259524       5.78210484          
0.00717000          3995.06955112       5.83574537          
0.00720000          3995.01605986       5.88982218          
0.00723000          3994.96211801       5.94433876          
0.00726000          3994.90772210       5.99929861          
0.00729000          3994.85286861       6.05470526          
0.00732000          3994.79755401       6.11056228          
0.00735000          3994.74177474       6.16687326          
0.00738000          3994.68552720       6.22364181          
0.00741000          3994.62880777       6.28087158          
0.00744000          3994.57161279       6.33856624          
0.00747000          3994.51393859       6.39672950          
0.00750000          3994.45578143       6.45536509          
0.00753000          3994.39713759       6.51447675          
0.00756000          3994.33800328       6.57406829          
0.00759000          3994.27837470       6.63414351          
0.00762000          3994.21824800       6.69470628          
0.00765000          3994.15761932       6.75576044          
0.00768000          3994.09648475       6.81730993          
0.00771000          3994.03484036       6.87935867          
0.00774000          3993.97268218       6.94191063          
0.00777000          3993.91000622       7.00496980          
0.00780000          3993.84680843       7.06854022          
0.00783000          3993.78308475       7.13262594          
0.00786000          3993.71883108       7.19723106          
0.00789000          3993.65404330       7.26235970          
0.00792000          3993.58871723       7.32801600          
0.00795000          3993.52284867       7.39420416          
0.00798000          3993.45643340       7.46092839          
0.00801000          3993.38946713       7.52819295          
0.00804000          3993.32194556       7.59600212          
0.00807000          3993.25386436       7.66436022          
0.00810000          3993.18521914       7.73327159          
0.00813000          3993.11600550       7.80274062          
0.00816000          3993.04621900       7.87277173          
0.00819000          3992.97585513       7.94336937          
0.00822000          3992.90490940       8.01453802          
0.00825000          3992.83337724       8.08628222          
0.00828000          3992.76125405       8.15860650          
0.00831000          3992.68853520       8.23151546          
0.00834000          3992.61521604       8.30501374          
0.00837000          3992.54129184       8.37910598          
0.00840000          3992.46675787       8.45379690          
0.00843000          3992.39160934       8.52909121          
0.00846000          3992.31584143       8.60499370          
0.00849000          3992.23944928       8.68150917          
0.00852000          3992.16242798       8.75864247          
0.00855000          3992.08477261       8.83639847          
0.00858000          3992.00647817       8.91478210          
0.00861000          3991.92753964       8.99379831          
0.00864000          3991.84795197       9.07345210          
0.00867000          3991.76771005       9.15374850          
0.00870000          3991.68680874       9.23469259          
0.00873000          3991.60524286       9.31628948          
0.00876000          3991.52300718       9.39854431          
0.00879000          3991.44009642       9.48146229          
0.00882000          3991.35650528       9.56504863          
0.00885000          3991.27222840       9.64930861          
0.00888000          3991.18726040       9.73424755          
0.00891000          3991.10159581       9.81987079          
0.00894000          3991.01522917       9.90618372          
0.00897000          3990.92815494       9.99319179          
0.00900000          3990.84036755       10.08090047         
0.00903000          3990.75186138       10.16931527         
0.00906000          3990.66263077       10.25844176         
0.00909000          3990.57267001       10.34828554         
0.00912000          3990.48197335       10.43885226         
0.00915000          3990.39053499       10.53014760         
0.00918000          3990.29834907       10.62217730         
0.00921000          3990.20540971       10.71494714         
0.00924000          3990.11171097       10.80846294         
0.00927000          3990.01724685       10.90273056         
0.00930000          3989.92201133       10.99775592         
0.00933000          3989.82599831       11.09354496         
0.00936000          3989.72920167       11.19010370         
0.00939000          3989.63161521       11.28743817         
0.00942000          3989.53323272       11.38555448         
0.00945000          3989.43404791       11.48445876         
0.00948000          3989.33405444       11.58415720         
0.00951000          3989.23324594       11.68465603         
0.00954000          3989.13161597       11.78596153         
0.00957000          3989.02915805       11.88808004         
0.00960000          3988.92586565       11.99101793         
0.00963000          3988.82173217       12.09478162         
0.00966000          3988.71675098       12.19937760         
0.00969000          3988.61091539       12.30481238         
0.00972000          3988.50421864       12.41109254         
0.00975000          3988.39665394       12.51822470         
0.00978000          3988.28821443       12.62621554         
0.00981000          3988.17889321       12.73507178         
0.00984000          3988.06868332       12.84480020         
0.00987000          3987.95757773       12.95540762         
0.00990000          3987.84556938       13.06690092         
0.00993000          3987.73265113       13.17928703         
0.00996000          3987.61881579       13.29257294         
0.00999000          3987.50405613       13.40676568         
