Time      Mean      STD       
0.000     9999.017  0.721     
0.000     9999.017  0.721     
0.000     9999.016  0.722     
0.000     9999.016  0.723     
0.000     9999.014  0.729     
0.000     9999.006  0.744     
0.000     9998.993  0.765     
0.001     9998.934  0.849     
0.001     9998.839  0.970     
0.002     9998.706  1.126     
0.002     9998.536  1.311     
0.003     9998.326  1.526     
0.003     9998.072  1.777     
0.004     9997.578  2.243     
0.005     9996.962  2.807     
0.005     9996.204  3.488     
0.006     9995.306  4.279     
0.007     9994.213  5.238     
0.008     9991.596  7.511     
0.009     9988.080  10.537    
0.011     9983.370  14.602    
0.012     9977.090  20.019    
0.013     9968.717  27.164    
0.015     9957.674  36.632    
0.016     9942.761  49.215    
0.018     9923.364  65.645    
0.019     9897.719  87.158    
0.021     9842.102  133.488   
0.023     9757.740  203.620   
0.024     9676.271  270.343   
0.026     9569.034  356.764   
0.027     9428.379  467.512   
0.029     9245.169  608.722   
0.030     9009.717  783.361   
0.032     8710.841  993.698   
0.033     8448.735  1168.374  
0.034     8144.578  1360.775  
0.035     7795.023  1565.154  
0.036     7400.654  1776.156  
0.037     6963.033  1986.330  
0.038     6484.020  2183.180  
0.039     5975.434  2356.419  
0.040     5444.932  2492.061  
0.041     4909.240  2581.026  
0.042     4384.878  2613.353  
0.043     3890.945  2586.874  
0.044     3447.846  2503.621  
0.045     3169.323  2414.739  
0.045     2933.076  2307.322  
0.046     2743.636  2189.195  
0.047     2605.752  2070.246  
0.048     2520.104  1962.724  
0.048     2488.673  1877.513  
0.049     2512.374  1823.580  
0.050     2588.649  1807.164  
0.050     2714.575  1828.186  
0.051     2887.301  1879.244  
0.052     3101.166  1953.200  
0.053     3350.795  2038.181  
0.053     3630.060  2126.028  
0.054     3933.236  2207.735  
0.055     4255.304  2277.400  
0.056     4589.378  2332.136  
0.056     4929.689  2370.577  
0.057     5271.462  2391.861  
0.058     5610.169  2396.967  
0.059     5942.451  2386.634  
0.059     6264.589  2361.665  
0.060     6573.774  2324.477  
0.061     6868.727  2277.200  
0.062     7147.919  2220.408  
0.062     7410.117  2155.599  
0.063     7655.469  2083.960  
0.064     7883.198  2007.132  
0.065     8216.304  1873.210  
0.066     8506.690  1731.309  
0.067     8757.835  1583.515  
0.069     8972.908  1433.888  
0.070     9155.636  1284.441  
0.071     9309.942  1137.609  
0.072     9439.370  994.674   
0.074     9601.572  783.466   
0.076     9699.489  633.062   
0.077     9775.062  502.206   
0.079     9832.817  391.507   
0.080     9876.477  301.163   
0.082     9909.268  228.702   
0.083     9933.680  171.792   
0.085     9951.640  128.387   
0.087     9970.991  79.008    
0.087     9972.501  74.952    
0.088     9973.909  71.200    
0.088     9976.465  64.159    
0.089     9978.732  57.860    
0.089     9980.744  52.047    
0.090     9982.480  46.960    
0.090     9983.997  42.271    
0.091     9985.293  38.113    
0.091     9986.396  34.471    
0.092     9987.310  31.224    
0.092     9988.042  28.325    
0.093     9988.599  26.034    
0.093     9988.999  24.135    
0.094     9989.232  22.727    
0.094     9989.295  21.957    
0.095     9989.223  21.683    
0.095     9988.996  22.005    
0.096     9988.603  22.950    
0.096     9988.033  24.534    
0.097     9987.288  26.580    
0.097     9986.393  29.068    
0.098     9985.299  32.268    
0.098     9983.984  35.824    
0.099     9982.449  39.826    
0.099     9980.709  44.501    
0.100     9978.712  49.633    
0.100     9976.443  55.281    
0.101     9973.869  61.763    
0.101     9970.977  68.765    
0.102     9967.734  76.464    
0.102     9964.084  85.280    
0.103     9960.041  94.777    
0.103     9955.495  105.245   
0.104     9950.442  117.089   
0.105     9944.753  130.076   
0.105     9938.524  144.036   
0.106     9931.585  159.937   
0.106     9923.902  177.131   
0.107     9915.285  195.954   
0.107     9905.856  216.911   
0.108     9895.465  239.591   
0.108     9883.838  264.478   
0.109     9871.120  291.853   
0.109     9857.047  321.725   
0.110     9841.502  353.840   
0.110     9824.482  389.147   
0.111     9805.726  427.456   
0.111     9785.088  468.845   
0.112     9762.567  513.444   
0.112     9737.882  561.592   
0.113     9710.707  613.599   
0.113     9681.378  668.646   
0.114     9649.327  727.869   
0.114     9614.257  791.217   
0.115     9576.562  857.802   
0.115     9535.556  928.750   
0.116     9491.071  1003.940  
0.116     9443.472  1082.679  
0.117     9392.201  1165.309  
0.117     9336.841  1251.468  
0.118     9278.207  1340.911  
0.118     9215.605  1433.644  
0.119     9148.594  1529.597  
0.119     9077.853  1627.749  
0.120     9003.266  1728.151  
0.120     8924.750  1830.288  
0.121     8841.997  1933.414  
0.121     8755.994  2036.947  
0.122     8666.118  2140.427  
0.122     8573.130  2243.022  
0.123     8477.237  2343.318  
0.123     8378.017  2442.704  
0.124     8276.937  2537.168  
0.125     8173.340  2629.198  
0.125     8068.440  2715.543  
0.126     7962.042  2797.379  
0.126     7854.857  2872.422  
0.127     7747.119  2941.892  
0.127     7582.291  3034.312  
0.128     7474.461  3086.358  
0.128     7367.753  3130.699  
0.129     7262.139  3167.926  
0.130     7080.718  3217.224  
0.131     6905.390  3247.809  
0.132     6626.441  3266.383  
0.134     6371.783  3259.916  
0.135     6145.418  3243.112  
0.136     5999.323  3229.531  
0.138     5871.343  3216.325  
0.139     5762.867  3204.225  
0.140     5676.036  3194.100  
0.141     5611.050  3188.104  
0.142     5569.968  3187.669  
0.143     5554.048  3192.340  
0.144     5563.068  3202.557  
0.145     5597.688  3214.843  
0.146     5638.793  3223.531  
0.147     5692.590  3229.646  
0.148     5759.655  3231.522  
0.149     5838.399  3226.923  
0.150     5928.245  3216.332  
0.150     6027.320  3198.207  
0.151     6135.227  3173.998  
0.152     6249.540  3143.778  
0.153     6368.893  3109.926  
0.154     6491.431  3074.398  
0.154     6615.468  3039.569  
0.155     6739.948  3006.136  
0.156     6863.331  2977.002  
0.157     6984.140  2952.728  
0.158     7102.000  2933.659  
0.158     7217.111  2918.379  
0.159     7328.632  2906.738  
0.160     7436.964  2896.940  
0.161     7541.569  2886.865  
0.162     7643.320  2874.381  
0.163     7742.609  2856.539  
0.163     7839.223  2833.584  
0.164     7933.222  2804.494  
0.165     8024.804  2769.184  
0.166     8114.313  2728.393  
0.167     8201.323  2684.141  
0.167     8281.219  2638.864  
