Time      Mean      STD       
0.000     10000.000 3.162     
0.001     9999.928  3.185     
0.002     9999.711  3.264     
0.003     9999.339  3.428     
0.004     9998.796  3.721     
0.005     9998.060  4.199     
0.006     9997.097  4.921     
0.007     9995.868  5.942     
0.008     9994.319  7.319     
0.009     9992.385  9.114     
0.010     9989.984  11.405    
0.011     9987.012  14.286    
0.012     9983.345  17.877    
0.013     9978.825  22.327    
0.014     9973.263  27.820    
0.015     9966.423  34.584    
0.016     9958.020  42.894    
0.017     9947.702  53.089    
0.018     9935.040  65.576    
0.019     9919.515  80.849    
0.020     9900.492  99.498    
0.021     9877.206  122.227   
0.022     9848.732  149.868   
0.023     9813.959  183.397   
0.024     9771.560  223.941   
0.025     9719.962  272.784   
0.026     9657.312  331.359   
0.027     9581.455  401.224   
0.028     9489.914  484.013   
0.029     9379.889  581.354   
0.030     9248.282  694.746   
0.031     9091.754  825.383   
0.032     8906.841  973.936   
0.033     8690.119  1140.280  
0.034     8438.457  1323.205  
0.035     8149.338  1520.120  
0.036     7821.253  1726.828  
0.037     7454.151  1937.408  
0.038     7049.890  2144.287  
0.039     6612.642  2338.545  
0.040     6149.171  2510.492  
0.041     5668.916  2650.485  
0.042     5183.805  2749.959  
0.043     4707.789  2802.529  
0.044     4256.086  2805.076  
0.045     3844.214  2758.669  
0.046     3486.901  2669.209  
0.047     3197.016  2547.698  
0.048     2984.637  2409.965  
0.049     2856.377  2275.535  
0.050     2815.030  2165.091  
0.051     2859.558  2096.184  
0.052     2985.397  2078.123  
0.053     3185.012  2108.916  
0.054     3448.612  2176.785  
0.055     3764.948  2265.171  
0.056     4122.084  2357.755  
0.057     4508.103  2441.373  
0.058     4911.682  2506.880  
0.059     5322.533  2548.884  
0.060     5731.683  2565.041  
0.061     6131.632  2555.296  
0.062     6516.387  2521.194  
0.063     6881.414  2465.315  
0.064     7223.520  2390.823  
0.065     7540.695  2301.125  
0.066     7831.941  2199.628  
0.067     8097.083  2089.562  
0.068     8336.602  1973.873  
0.069     8551.471  1855.160  
0.070     8743.018  1735.646  
0.071     8912.800  1617.184  
0.072     9062.514  1501.268  
0.073     9193.908  1389.067  
0.074     9308.728  1281.457  
0.075     9408.671  1179.062  
0.076     9495.348  1082.290  
0.077     9570.272  991.370   
0.078     9634.836  906.385   
0.079     9690.316  827.302   
0.080     9737.861  754.000   
0.081     9778.506  686.288   
0.082     9813.167  623.928   
0.083     9842.659  566.647   
0.084     9867.694  514.155   
0.085     9888.896  466.148   
0.086     9906.806  422.322   
0.087     9921.893  382.376   
0.088     9934.560  346.020   
0.089     9945.150  312.975   
0.090     9953.956  282.980   
0.091     9961.224  255.795   
0.092     9967.157  231.203   
0.093     9971.923  209.021   
0.094     9975.656  189.106   
0.095     9978.458  171.373   
0.096     9980.405  155.816   
0.097     9981.543  142.544   
0.098     9981.892  131.824   
0.099     9981.449  124.120   
0.100     9980.179  120.097   
0.101     9978.023  120.545   
0.102     9974.890  126.209   
0.103     9970.657  137.617   
0.104     9965.166  155.044   
0.105     9958.221  178.615   
0.106     9949.584  208.444   
0.107     9938.974  244.725   
0.108     9926.061  287.745   
0.109     9910.466  337.862   
0.110     9891.761  395.467   
0.111     9869.471  460.942   
0.112     9843.074  534.616   
0.113     9812.011  616.733   
0.114     9775.693  707.414   
0.115     9733.516  806.630   
0.116     9684.877  914.177   
0.117     9629.192  1029.664  
0.118     9565.923  1152.498  
0.119     9494.601  1281.888  
0.120     9414.852  1416.849  
0.121     9326.428  1556.223  
0.122     9229.228  1698.706  
0.123     9123.324  1842.882  
0.124     9008.983  1987.273  
0.125     8886.677  2130.387  
0.126     8757.100  2270.777  
0.127     8621.166  2407.097  
0.128     8480.013  2538.131  
0.129     8334.995  2662.803  
0.130     8187.671  2780.137  
0.131     8039.785  2889.171  
0.132     7893.228  2988.834  
0.133     7749.985  3077.824  
0.134     7612.058  3154.531  
0.135     7481.345  3217.059  
0.136     7359.510  3263.374  
0.137     7247.819  3291.582  
0.138     7146.983  3300.307  
0.139     7057.036  3289.105  
0.140     6977.257  3258.855  
0.141     6906.184  3212.043  
0.142     6841.715  3152.865  
0.143     6781.300  3087.101  
0.144     6722.203  3021.685  
0.145     6661.814  2963.966  
0.146     6597.948  2920.704  
0.147     6529.117  2896.982  
0.148     6454.722  2895.331  
0.149     6375.159  2915.359  
0.150     6291.810  2954.041  
0.151     6206.944  3006.529  
0.152     6123.541  3067.189  
0.153     6045.047  3130.533  
0.154     5975.113  3191.877  
0.155     5917.331  3247.668  
0.156     5874.988  3295.541  
0.157     5850.873  3334.188  
0.158     5847.124  3363.135  
0.159     5865.146  3382.473  
0.160     5905.574  3392.610  
0.161     5968.294  3394.070  
0.162     6052.501  3387.343  
0.163     6156.789  3372.803  
0.164     6279.263  3350.683  
0.165     6417.657  3321.090  
0.166     6569.456  3284.043  
0.167     6732.014  3239.537  
0.168     6902.651  3187.588  
0.169     7078.749  3128.289  
0.170     7257.820  3061.833  
0.171     7437.565  2988.537  
0.172     7615.911  2908.843  
0.173     7791.039  2823.309  
0.174     7961.392  2732.594  
0.175     8125.675  2637.437  
0.176     8282.851  2538.632  
0.177     8432.121  2437.004  
0.178     8572.906  2333.389  
0.179     8704.826  2228.615  
0.180     8827.670  2123.490  
0.181     8941.373  2018.790  
0.182     9045.992  1915.259  
0.183     9141.683  1813.606  
0.184     9228.675  1714.514  
0.185     9307.253  1618.649  
0.186     9377.739  1526.677  
0.187     9440.478  1439.282  
0.188     9495.821  1357.182  
0.189     9544.120  1281.158  
0.190     9585.715  1212.061  
0.191     9620.927  1150.817  
0.192     9650.056  1098.416  
0.193     9673.378  1055.865  
0.194     9691.138  1024.113  
0.195     9703.559  1003.943  
0.196     9710.833  995.863   
0.197     9713.132  1000.007  
0.198     9710.605  1016.101  
0.199     9703.382  1043.488  
0.200     9691.580  1081.207  
0.201     9675.308  1128.104  
0.202     9654.669  1182.934  
0.203     9629.765  1244.453  
0.204     9600.702  1311.479  
0.205     9567.593  1382.932  
0.206     9530.564  1457.849  
0.207     9489.756  1535.372  
0.208     9445.326  1614.727  
0.209     9397.456  1695.200  
0.210     9346.350  1776.120  
0.211     9292.237  1856.856  
0.212     9235.370  1936.821  
0.213     9176.025  2015.495  
0.214     9114.498  2092.430  
0.215     9051.103  2167.258  
0.216     8986.173  2239.680  
0.217     8920.053  2309.455  
0.218     8853.102  2376.393  
0.219     8785.695  2440.347  
0.220     8718.213  2501.222  
0.221     8651.052  2558.970  
0.222     8584.618  2613.569  
0.223     8519.327  2664.969  
0.224     8455.604  2713.020  
0.225     8393.877  2757.392  
0.226     8334.558  2797.548  
0.227     8278.023  2832.791  
0.228     8224.576  2862.418  
0.229     8174.413  2885.947  
0.230     8127.595  2903.382  
0.231     8084.036  2915.429  
0.232     8043.519  2923.589  
0.233     8005.747  2930.058  
0.234     7970.419  2937.426  
0.235     7937.327  2948.190  
0.236     7906.449  2964.200  
0.237     7878.024  2986.156  
0.238     7852.581  3013.319  
0.239     7830.923  3043.504  
0.240     7814.038  3073.365  
0.241     7802.978  3098.886  
0.242     7798.692  3115.941  
0.243     7801.852  3120.846  
0.244     7812.698  3110.792  
0.245     7830.915  3084.177  
0.246     7855.575  3040.803  
0.247     7885.138  2981.980  
0.248     7917.523  2910.537  
0.249     7950.240  2830.747  
0.250     7980.558  2748.131  
0.251     8005.709  2669.125  
0.252     8023.089  2600.540  
0.253     8030.448  2548.817  
0.254     8026.046  2519.142  
0.255     8008.769  2514.614  
0.256     7978.198  2535.730  
0.257     7934.625  2580.400  
0.258     7879.019  2644.483  
0.259     7812.955  2722.624  
0.260     7738.515  2809.113  
0.261     7658.158  2898.568  
0.262     7574.582  2986.356  
0.263     7490.595  3068.793  
0.264     7408.975  3143.180  
0.265     7332.356  3207.731  
0.266     7263.134  3261.449  
0.267     7203.383  3303.978  
0.268     7154.804  3335.449  
0.269     7118.691  3356.339  
0.270     7095.921  3367.346  
0.271     7086.959  3369.281  
0.272     7091.880  3362.986  
0.273     7110.400  3349.281  
0.274     7141.923  3328.919  
0.275     7185.586  3302.578  
0.276     7240.311  3270.851  
0.277     7304.853  3234.268  
0.278     7377.856  3193.300  
0.279     7457.894  3148.382  
0.280     7543.516  3099.927  
0.281     7633.282  3048.355  
0.282     7725.794  2994.119  
0.283     7819.722  2937.729  
0.284     7913.825  2879.758  
0.285     8006.970  2820.808  
0.286     8098.137  2761.489  
0.287     8186.434  2702.385  
0.288     8271.089  2644.073  
0.289     8351.449  2587.164  
0.290     8426.976  2532.348  
0.291     8497.240  2480.410  
0.292     8561.919  2432.172  
0.293     8620.796  2388.383  
0.294     8673.754  2349.588  
0.295     8720.774  2316.036  
0.296     8761.917  2287.685  
0.297     8797.306  2264.295  
0.298     8827.107  2245.585  
0.299     8851.511  2231.384  
0.300     8870.722  2221.712  
0.301     8884.958  2216.756  
0.302     8894.452  2216.764  
0.303     8899.466  2221.878  
0.304     8900.296  2231.991  
0.305     8897.281  2246.662  
0.306     8890.798  2265.130  
0.307     8881.250  2286.399  
0.308     8869.055  2309.384  
0.309     8854.619  2333.060  
0.310     8838.322  2356.599  
0.311     8820.501  2379.460  
0.312     8801.442  2401.427  
0.313     8781.382  2422.584  
0.314     8760.518  2443.230  
0.315     8739.017  2463.736  
0.316     8717.042  2484.391  
0.317     8694.758  2505.258  
0.318     8672.342  2526.115  
0.319     8649.980  2546.489  
0.320     8627.855  2565.802  
0.321     8606.128  2583.572  
0.322     8584.931  2599.615  
0.323     8564.352  2614.173  
0.324     8544.455  2627.903  
0.325     8525.296  2641.715  
0.326     8506.958  2656.493  
0.327     8489.585  2672.755  
0.328     8473.403  2690.376  
0.329     8458.722  2708.448  
0.330     8445.903  2725.341  
0.331     8435.310  2738.956  
0.332     8427.233  2747.123  
0.333     8421.808  2748.037  
0.334     8418.954  2740.679  
0.335     8418.328  2725.117  
0.336     8419.327  2702.673  
0.337     8421.126  2675.896  
0.338     8422.766  2648.346  
0.339     8423.267  2624.167  
0.340     8421.759  2607.492  
0.341     8417.609  2601.760  
0.342     8410.529  2609.082  
0.343     8400.639  2629.820  
0.344     8388.491  2662.485  
0.345     8375.039  2703.993  
0.346     8361.556  2750.162  
0.347     8349.516  2796.297  
0.348     8340.456  2837.748  
0.349     8335.814  2870.335  
0.350     8336.786  2890.633  
0.351     8344.199  2896.142  
0.352     8358.415  2885.355  
0.353     8379.278  2857.778  
0.354     8406.099  2813.914  
0.355     8437.692  2755.234  
0.356     8472.437  2684.151  
0.357     8508.378  2603.981  
0.358     8543.346  2518.897  
0.359     8575.081  2433.815  
0.360     8601.371  2354.185  
0.361     8620.168  2285.640  
0.362     8629.697  2233.478  
0.363     8628.541  2202.041  
0.364     8615.704  2194.109  
0.365     8590.642  2210.486  
0.366     8553.275  2249.935  
0.367     8503.978  2309.465  
0.368     8443.550  2384.883  
0.369     8373.163  2471.406  
0.370     8294.300  2564.223  
0.371     8208.686  2658.927  
0.372     8118.197  2751.808  
0.373     8024.793  2840.003  
0.374     7930.436  2921.524  
0.375     7837.034  2995.158  
0.376     7746.395  3060.285  
0.377     7660.195  3116.659  
0.378     7579.942  3164.198  
0.379     7506.958  3202.865  
0.380     7442.346  3232.649  
0.381     7386.958  3253.642  
0.382     7341.379  3266.175  
0.383     7305.910  3270.933  
0.384     7280.582  3269.001  
0.385     7265.188  3261.788  
0.386     7259.331  3250.839  
0.387     7262.495  3237.578  
0.388     7274.096  3223.043  
0.389     7293.536  3207.708  
0.390     7320.219  3191.437  
0.391     7353.554  3173.596  
0.392     7392.931  3153.282  
0.393     7437.688  3129.630  
0.394     7487.085  3102.090  
0.395     7540.283  3070.641  
0.396     7596.358  3035.878  
0.397     7654.324  2998.967  
0.398     7713.186  2961.475  
0.399     7772.000  2925.108  
0.400     7829.935  2891.414  
0.401     7886.323  2861.524  
0.402     7940.687  2835.976  
0.403     7992.748  2814.671  
0.404     8042.409  2796.958  
0.405     8089.720  2781.807  
0.406     8134.830  2768.011  
0.407     8177.938  2754.372  
0.408     8219.249  2739.844  
0.409     8258.929  2723.615  
0.410     8297.075  2705.176  
0.411     8333.702  2684.367  
0.412     8368.731  2661.425  
0.413     8401.996  2637.020  
0.414     8433.268  2612.242  
0.415     8462.289  2588.506  
0.416     8488.811  2567.372  
0.417     8512.645  2550.261  
0.418     8533.701  2538.154  
0.419     8552.014  2531.332  
0.420     8567.751  2529.251  
0.421     8581.189  2530.610  
0.422     8592.679  2533.610  
0.423     8602.585  2536.332  
0.424     8611.228  2537.158  
0.425     8618.835  2535.133  
0.426     8625.513  2530.189  
0.427     8631.244  2523.183  
0.428     8635.923  2515.748  
0.429     8639.402  2509.960  
0.430     8641.568  2507.887  
0.431     8642.402  2511.102  
0.432     8642.039  2520.274  
0.433     8640.792  2534.926  
0.434     8639.145  2553.439  
0.435     8637.708  2573.274  
0.436     8637.150  2591.371  
0.437     8638.101  2604.625  
0.438     8641.056  2610.329  
0.439     8646.288  2606.544  
0.440     8653.779  2592.347  
0.441     8663.195  2567.967  
0.442     8673.885  2534.825  
0.443     8684.935  2495.488  
0.444     8695.238  2453.525  
0.445     8703.608  2413.248  
0.446     8708.892  2379.299  
0.447     8710.094  2356.081  
0.448     8706.482  2347.103  
0.449     8697.677  2354.374  
0.450     8683.702  2378.054  
0.451     8664.996  2416.460  
0.452     8642.387  2466.442  
0.453     8617.029  2523.970  
0.454     8590.320  2584.731  
0.455     8563.799  2644.599  
0.456     8539.034  2699.909  
0.457     8517.526  2747.561  
0.458     8500.602  2785.028  
0.459     8489.333  2810.316  
0.460     8484.456  2821.965  
0.461     8486.322  2819.085  
0.462     8494.858  2801.438  
0.463     8509.557  2769.535  
0.464     8529.504  2724.695  
0.465     8553.427  2669.060  
0.466     8579.773  2605.514  
0.467     8606.812  2537.536  
0.468     8632.734  2468.971  
0.469     8655.761  2403.758  
0.470     8674.226  2345.645  
0.471     8686.654  2297.907  
0.472     8691.801  2263.110  
0.473     8688.686  2242.955  
0.474     8676.599  2238.216  
0.475     8655.097  2248.791  
0.476     8623.992  2273.850  
0.477     8583.337  2312.036  
0.478     8533.408  2361.682  
0.479     8474.698  2420.975  
0.480     8407.904  2488.073  
0.481     8333.924  2561.136  
0.482     8253.857  2638.313  
0.483     8168.989  2717.699  
0.484     8080.778  2797.305  
0.485     7990.828  2875.066  
0.486     7900.837  2948.890  
0.487     7812.535  3016.767  
0.488     7727.613  3076.897  
0.489     7647.638  3127.825  
0.490     7573.975  3168.563  
0.491     7507.722  3198.673  
0.492     7449.659  3218.306  
0.493     7400.229  3228.201  
0.494     7359.546  3229.632  
0.495     7327.430  3224.312  
0.496     7303.466  3214.252  
0.497     7287.083  3201.566  
0.498     7277.639  3188.250  
0.499     7274.499  3175.952  
0.500     7277.107  3165.781  
0.501     7285.025  3158.194  
0.502     7297.955  3152.992  
0.503     7315.729  3149.436  
0.504     7338.278  3146.439  
0.505     7365.586  3142.794  
0.506     7397.649  3137.368  
0.507     7434.422  3129.235  
0.508     7475.792  3117.727  
0.509     7521.554  3102.406  
0.510     7571.399  3083.001  
0.511     7624.912  3059.338  
0.512     7681.568  3031.305  
0.513     7740.741  2998.884  
0.514     7801.703  2962.239  
0.515     7863.639  2921.853  
0.516     7925.662  2878.649  
0.517     7986.855  2834.056  
0.518     8046.312  2789.954  
0.519     8103.200  2748.491  
0.520     8156.821  2711.782  
0.521     8206.671  2681.539  
0.522     8252.475  2658.743  
0.523     8294.208  2643.420  
0.524     8332.074  2634.604  
0.525     8366.471  2630.487  
0.526     8397.915  2628.708  
0.527     8426.967  2626.738  
0.528     8454.147  2622.269  
0.529     8479.855  2613.565  
0.530     8504.318  2599.747  
0.531     8527.565  2580.961  
0.532     8549.432  2558.414  
0.533     8569.602  2534.258  
0.534     8587.682  2511.292  
0.535     8603.284  2492.510  
0.536     8616.119  2480.554  
0.537     8626.075  2477.181  
0.538     8633.272  2482.875  
0.539     8638.074  2496.720  
0.540     8641.072  2516.566  
0.541     8643.024  2539.423  
0.542     8644.775  2561.964  
0.543     8647.163  2581.011  
0.544     8650.920  2593.904  
0.545     8656.597  2598.718  
0.546     8664.501  2594.350  
0.547     8674.665  2580.498  
0.548     8686.833  2557.593  
0.549     8700.483  2526.718  
0.550     8714.858  2489.556  
0.551     8729.017  2448.345  
0.552     8741.897  2405.847  
0.553     8752.388  2365.264  
0.554     8759.411  2330.097  
0.555     8761.996  2303.871  
0.556     8759.368  2289.781  
0.557     8751.013  2290.257  
0.558     8736.739  2306.578  
0.559     8716.709  2338.624  
0.560     8691.464  2384.838  
0.561     8661.902  2442.412  
0.562     8629.240  2507.636  
0.563     8594.948  2576.310  
0.564     8560.654  2644.148  
0.565     8528.034  2707.126  
0.566     8498.703  2761.743  
0.567     8474.093  2805.218  
0.568     8455.355  2835.599  
0.569     8443.283  2851.817  
0.570     8438.265  2853.672  
0.571     8440.273  2841.769  
0.572     8448.878  2817.406  
0.573     8463.306  2782.429  
0.574     8482.501  2739.064  
0.575     8505.209  2689.742  
0.576     8530.061  2636.946  
0.577     8555.645  2583.090  
0.578     8580.576  2530.442  
0.579     8603.545  2481.088  
0.580     8623.357  2436.914  
0.581     8638.961  2399.577  
0.582     8649.465  2370.468  
0.583     8654.151  2350.643  
0.584     8652.477  2340.753  
0.585     8644.079  2341.006  
0.586     8628.764  2351.155  
0.587     8606.501  2370.547  
0.588     8577.407  2398.186  
0.589     8541.728  2432.823  
0.590     8499.825  2473.049  
0.591     8452.148  2517.397  
0.592     8399.218  2564.441  
0.593     8341.604  2612.910  
0.594     8279.906  2661.778  
0.595     8214.743  2710.329  
0.596     8146.745  2758.174  
0.597     8076.562  2805.206  
0.598     8004.874  2851.505  
0.599     7932.410  2897.209  
0.600     7859.963  2942.364  
0.601     7788.408  2986.811  
0.602     7718.700  3030.103  
0.603     7651.862  3071.500  
0.604     7588.960  3110.034  
0.605     7531.055  3144.634  
0.606     7479.151  3174.290  
0.607     7434.142  3198.214  
0.608     7396.767  3215.967  
0.609     7367.571  3227.521  
0.610     7346.893  3233.225  
0.611     7334.872  3233.697  
0.612     7331.464  3229.651  
0.613     7336.471  3221.704  
0.614     7349.563  3210.227  
0.615     7370.298  3195.258  
0.616     7398.129  3176.535  
0.617     7432.394  3153.634  
0.618     7472.306  3126.187  
0.619     7516.948  3094.136  
0.620     7565.275  3057.949  
0.621     7616.144  3018.748  
0.622     7668.359  2978.303  
0.623     7720.745  2938.855  
0.624     7772.232  2902.812  
0.625     7821.934  2872.343  
0.626     7869.223  2848.967  
0.627     7913.762  2833.240  
0.628     7955.516  2824.621  
0.629     7994.720  2821.560  
0.630     8031.812  2821.776  
0.631     8067.348  2822.655  
0.632     8101.906  2821.663  
0.633     8135.993  2816.707  
0.634     8169.971  2806.378  
0.635     8204.008  2790.080  
0.636     8238.062  2768.037  
0.637     8271.889  2741.219  
0.638     8305.084  2711.189  
0.639     8337.135  2679.919  
0.640     8367.489  2649.571  
0.641     8395.621  2622.258  
0.642     8421.097  2599.814  
0.643     8443.623  2583.589  
0.644     8463.084  2574.293  
0.645     8479.555  2571.935  
0.646     8493.302  2575.842  
0.647     8504.759  2584.782  
0.648     8514.495  2597.135  
0.649     8523.165  2611.073  
0.650     8531.462  2624.736  
0.651     8540.066  2636.351  
0.652     8549.590  2644.316  
0.653     8560.538  2647.253  
0.654     8573.263  2644.056  
0.655     8587.934  2633.935  
0.656     8604.513  2616.482  
0.657     8622.744  2591.737  
0.658     8642.155  2560.262  
0.659     8662.075  2523.194  
0.660     8681.669  2482.254  
0.661     8699.986  2439.720  
0.662     8716.018  2398.314  
0.663     8728.767  2361.016  
0.664     8737.318  2330.806  
0.665     8740.900  2310.359  
0.666     8738.943  2301.742  
0.667     8731.123  2306.179  
0.668     8717.388  2323.940  
0.669     8697.970  2354.359  
0.670     8673.381  2395.965  
0.671     8644.400  2446.669  
0.672     8612.042  2503.963  
0.673     8577.519  2565.100  
0.674     8542.194  2627.240  
0.675     8507.513  2687.590  
0.676     8474.943  2743.525  
0.677     8445.892  2792.707  
0.678     8421.640  2833.176  
0.679     8403.265  2863.410  
0.680     8391.588  2882.342  
0.681     8387.129  2889.348  
0.682     8390.079  2884.211  
0.683     8400.291  2867.096  
0.684     8417.288  2838.533  
0.685     8440.284  2799.439  
0.686     8468.222  2751.139  
0.687     8499.827  2695.398  
0.688     8533.666  2634.411  
0.689     8568.221  2570.740  
0.690     8601.961  2507.175  
0.691     8633.413  2446.527  
0.692     8661.219  2391.385  
0.693     8684.183  2343.895  
0.694     8701.290  2305.636  
0.695     8711.715  2277.616  
0.696     8714.819  2260.396  
0.697     8710.133  2254.271  
0.698     8697.345  2259.431  
0.699     8676.306  2276.009  
0.700     8647.028  2304.006  
0.701     8609.704  2343.110  
0.702     8564.725  2392.503  
0.703     8512.688  2450.736  
0.704     8454.401  2515.739  
0.705     8390.857  2584.978  
0.706     8323.202  2655.705  
0.707     8252.681  2725.262  
0.708     8180.574  2791.354  
0.709     8108.137  2852.252  
0.710     8036.547  2906.900  
0.711     7966.871  2954.914  
0.712     7900.038  2996.486  
0.713     7836.851  3032.211  
0.714     7777.997  3062.882  
0.715     7724.069  3089.260  
0.716     7675.591  3111.894  
0.717     7633.028  3130.990  
0.718     7596.786  3146.373  
0.719     7567.195  3157.547  
0.720     7544.478  3163.825  
0.721     7528.714  3164.526  
0.722     7519.799  3159.175  
0.723     7517.423  3147.689  
0.724     7521.063  3130.497  
0.725     7529.997  3108.585  
0.726     7543.350  3083.454  
0.727     7560.153  3056.982  
0.728     7579.420  3031.231  
0.729     7600.233  3008.196  
0.730     7621.815  2989.548  
0.731     7643.591  2976.406  
0.732     7665.224  2969.176  
0.733     7686.629  2967.492  
0.734     7707.952  2970.275  
0.735     7729.529  2975.886  
0.736     7751.821  2982.359  
0.737     7775.341  2987.647  
0.738     7800.572  2989.858  
0.739     7827.901  2987.446  
0.740     7857.558  2979.343  
0.741     7889.579  2965.041  
0.742     7923.786  2944.603  
0.743     7959.803  2918.648  
0.744     7997.073  2888.297  
0.745     8034.912  2855.078  
0.746     8072.562  2820.823  
0.747     8109.257  2787.514  
0.748     8144.287  2757.114  
0.749     8177.061  2731.383  
0.750     8207.155  2711.696  
0.751     8234.347  2698.881  
0.752     8258.642  2693.106  
0.753     8280.262  2693.831  
0.754     8299.633  2699.859  
0.755     8317.343  2709.467  
0.756     8334.087  2720.592  
0.757     8350.605  2731.047  
0.758     8367.613  2738.731  
0.759     8385.736  2741.815  
0.760     8405.451  2738.904  
0.761     8427.046  2729.145  
0.762     8450.592  2712.276  
0.763     8475.943  2688.595  
0.764     8502.747  2658.863  
0.765     8530.477  2624.178  
0.766     8558.467  2585.866  
0.767     8585.955  2545.406  
0.768     8612.120  2504.408  
0.769     8636.127  2464.611  
0.770     8657.163  2427.878  
0.771     8674.479  2396.153  
0.772     8687.427  2371.362  
0.773     8695.499  2355.255  
0.774     8698.364  2349.200  
0.775     8695.896  2353.964  
0.776     8688.191  2369.536  
0.777     8675.573  2395.062  
0.778     8658.582  2428.935  
0.779     8637.946  2469.013  
0.780     8614.538  2512.916  
0.781     8589.331  2558.312  
0.782     8563.343  2603.111  
0.783     8537.591  2645.558  
0.784     8513.046  2684.229  
0.785     8490.604  2717.992  
0.786     8471.044  2745.967  
0.787     8455.012  2767.519  
0.788     8442.994  2782.279  
0.789     8435.310  2790.167  
0.790     8432.105  2791.388  
0.791     8433.361  2786.390  
0.792     8438.912  2775.772  
0.793     8448.463  2760.184  
0.794     8461.613  2740.231  
0.795     8477.877  2716.419  
0.796     8496.694  2689.158  
0.797     8517.443  2658.813  
0.798     8539.446  2625.798  
0.799     8561.973  2590.675  
0.800     8584.254  2554.234  
0.801     8605.489  2517.551  
0.802     8624.873  2481.980  
0.803     8641.621  2449.095  
0.804     8654.999  2420.575  
0.805     8664.360  2398.025  
0.806     8669.173  2382.776  
0.807     8669.047  2375.694  
0.808     8663.742  2377.037  
0.809     8653.175  2386.423  
0.810     8637.403  2402.901  
0.811     8616.598  2425.141  
0.812     8591.018  2451.676  
0.813     8560.968  2481.157  
0.814     8526.777  2512.558  
0.815     8488.772  2545.290  
0.816     8447.278  2579.215  
0.817     8402.626  2614.557  
0.818     8355.173  2651.734  
0.819     8305.336  2691.137  
0.820     8253.618  2732.912  
0.821     8200.635  2776.785  
0.822     8147.122  2821.976  
0.823     8093.920  2867.211  
0.824     8041.943  2910.832  
0.825     7992.127  2950.984  
0.826     7945.360  2985.836  
0.827     7902.408  3013.820  
0.828     7863.849  3033.825  
0.829     7830.016  3045.344  
0.830     7800.969  3048.546  
0.831     7776.491  3044.279  
0.832     7756.115  3034.022  
0.833     7739.177  3019.776  
0.834     7724.891  3003.892  
0.835     7712.438  2988.843  
0.836     7701.062  2976.958  
0.837     7690.150  2970.157  
0.838     7679.310  2969.739  
0.839     7668.413  2976.234  
0.840     7657.618  2989.338  
0.841     7647.357  3007.938  
0.842     7638.302  3030.225  
0.843     7631.297  3053.920  
0.844     7627.272  3076.559  
0.845     7627.149  3095.779  
0.846     7631.750  3109.555  
0.847     7641.710  3116.323  
0.848     7657.417  3115.030  
0.849     7678.968  3105.148  
0.850     7706.155  3086.682  
0.851     7738.467  3060.192  
0.852     7775.126  3026.780  
0.853     7815.135  2988.018  
0.854     7857.351  2945.805  
0.855     7900.560  2902.201  
0.856     7943.555  2859.290  
0.857     7985.203  2819.103  
0.858     8024.512  2783.566  
0.859     8060.679  2754.436  
0.860     8093.138  2733.140  
0.861     8121.590  2720.564  
0.862     8146.019  2716.849  
0.863     8166.689  2721.309  
0.864     8184.115  2732.529  
0.865     8199.022  2748.588  
0.866     8212.278  2767.329  
0.867     8224.834  2786.559  
0.868     8237.653  2804.167  
0.869     8251.650  2818.176  
0.870     8267.625  2826.802  
0.871     8286.207  2828.567  
0.872     8307.811  2822.455  
0.873     8332.605  2808.046  
0.874     8360.500  2785.573  
0.875     8391.171  2755.838  
0.876     8424.086  2720.020  
0.877     8458.553  2679.430  
0.878     8493.770  2635.326  
0.879     8528.856  2588.871  
0.880     8562.891  2541.240  
0.881     8594.932  2493.826  
0.882     8624.050  2448.433  
0.883     8649.361  2407.314  
0.884     8670.074  2372.990  
0.885     8685.547  2347.856  
0.886     8695.328  2333.706  
0.887     8699.196  2331.341  
0.888     8697.166  2340.433  
0.889     8689.482  2359.693  
0.890     8676.585  2387.259  
0.891     8659.071  2421.138  
0.892     8637.652  2459.544  
0.893     8613.124  2501.042  
0.894     8586.345  2544.501  
0.895     8558.226  2588.920  
0.896     8529.715  2633.236  
0.897     8501.789  2676.199  
0.898     8475.422  2716.352  
0.899     8451.552  2752.121  
0.900     8431.033  2781.981  
0.901     8414.584  2804.634  
0.902     8402.746  2819.169  
0.903     8395.845  2825.165  
0.904     8393.977  2822.727  
0.905     8397.010  2812.450  
0.906     8404.605  2795.341  
0.907     8416.251  2772.700  
0.908     8431.312  2746.009  
0.909     8449.075  2716.807  
0.910     8468.803  2686.567  
0.911     8489.776  2656.560  
0.912     8511.329  2627.745  
0.913     8532.868  2600.680  
0.914     8553.880  2575.510  
0.915     8573.926  2552.015  
0.916     8592.616  2529.732  
0.917     8609.586  2508.106  
0.918     8624.467  2486.680  
0.919     8636.859  2465.286  
0.920     8646.313  2444.208  
0.921     8652.335  2424.284  
0.922     8654.392  2406.891  
0.923     8651.952  2393.801  
0.924     8644.519  2386.926  
0.925     8631.693  2388.006  
0.926     8613.207  2398.330  
0.927     8588.975  2418.527  
0.928     8559.114  2448.473  
0.929     8523.960  2487.290  
0.930     8484.062  2533.407  
0.931     8440.163  2584.693  
0.932     8393.156  2638.645  
0.933     8344.035  2692.645  
0.934     8293.824  2744.235  
0.935     8243.508  2791.367  
0.936     8193.972  2832.553  
0.937     8145.944  2866.908  
0.938     8099.967  2894.103  
0.939     8056.374  2914.305  
0.940     8015.293  2928.142  
0.941     7976.663  2936.715  
0.942     7940.271  2941.579  
0.943     7905.805  2944.642  
0.944     7872.922  2947.915  
0.945     7841.329  2953.155  
0.946     7810.839  2961.533  
0.947     7781.423  2973.450  
0.948     7753.222  2988.577  
0.949     7726.536  3006.093  
0.950     7701.799  3024.963  
0.951     7679.532  3044.131  
0.952     7660.313  3062.548  
0.953     7644.725  3079.091  
0.954     7633.320  3092.504  
0.955     7626.558  3101.451  
0.956     7624.758  3104.739  
0.957     7628.042  3101.619  
0.958     7636.307  3092.044  
0.959     7649.220  3076.739  
0.960     7666.255  3057.035  
0.961     7686.745  3034.529  
0.962     7709.949  3010.701  
0.963     7735.109  2986.663  
0.964     7761.498  2963.143  
0.965     7788.438  2940.683  
0.966     7815.317  2919.920  
0.967     7841.614  2901.777  
0.968     7866.921  2887.412  
0.969     7890.982  2877.926  
0.970     7913.734  2873.929  
0.971     7935.321  2875.177  
0.972     7956.086  2880.472  
0.973     7976.528  2887.883  
0.974     7997.230  2895.218  
0.975     8018.786  2900.563  
0.976     8041.729  2902.662  
0.977     8066.492  2901.042  
0.978     8093.396  2895.832  
0.979     8122.659  2887.389  
0.980     8154.418  2875.867  
0.981     8188.742  2860.911  
0.982     8225.617  2841.607  
0.983     8264.924  2816.706  
0.984     8306.392  2785.057  
0.985     8349.561  2746.086  
0.986     8393.763  2700.167  
0.987     8438.142  2648.768  
0.988     8481.697  2594.312  
0.989     8523.369  2539.809  
0.990     8562.118  2488.308  
0.991     8597.009  2442.356  
0.992     8627.260  2403.586  
0.993     8652.265  2372.618  
0.994     8671.582  2349.277  
0.995     8684.902  2333.075  
0.996     8692.018  2323.742  
0.997     8692.800  2321.603  
0.998     8687.201  2327.651  
0.999     8675.284  2343.269  
1.000     8657.274  2369.713  
1.001     8633.610  2407.528  
1.002     8604.993  2456.102  
1.003     8572.400  2513.502  
1.004     8537.067  2576.624  
1.005     8500.434  2641.585  
1.006     8464.049  2704.246  
1.007     8429.458  2760.757  
1.008     8398.080  2808.026  
1.009     8371.101  2844.047  
1.010     8349.395  2868.033  
1.011     8333.489  2880.350  
1.012     8323.571  2882.286  
1.013     8319.531  2875.713  
1.014     8321.034  2862.742  
1.015     8327.596  2845.427  
1.016     8338.659  2825.543  
1.017     8353.655  2804.425  
1.018     8372.050  2782.845  
1.019     8393.366  2760.949  
1.020     8417.185  2738.274  
1.021     8443.119  2713.900  
1.022     8470.776  2686.731  
1.023     8499.714  2655.847  
1.024     8529.403  2620.829  
1.025     8559.208  2581.963  
1.026     8588.385  2540.282  
1.027     8616.113  2497.454  
1.028     8641.535  2455.589  
1.029     8663.806  2417.015  
1.030     8682.151  2384.070  
1.031     8695.914  2358.926  
1.032     8704.601  2343.387  
1.033     8707.918  2338.680  
1.034     8705.794  2345.213  
1.035     8698.388  2362.394  
1.036     8686.081  2388.577  
1.037     8669.434  2421.212  
1.038     8649.132  2457.186  
1.039     8625.907  2493.302  
1.040     8600.449  2526.787  
1.041     8573.331  2555.703  
1.042     8544.954  2579.184  
1.043     8515.519  2597.433  
1.044     8485.033  2611.496  
1.045     8453.349  2622.875  
1.046     8420.210  2633.120  
1.047     8385.301  2643.531  
1.048     8348.298  2655.085  
1.049     8308.891  2668.569  
1.050     8266.821  2684.810  
1.051     8221.906  2704.851  
1.052     8174.087  2729.893  
1.053     8123.479  2760.989  
1.054     8070.423  2798.575  
1.055     8015.522  2842.050  
1.056     7959.638  2889.627  
1.057     7903.851  2938.563  
1.058     7849.370  2985.731  
1.059     7797.425  3028.314  
1.060     7749.157  3064.395  
1.061     7705.534  3093.247  
1.062     7667.320  3115.249  
1.063     7635.073  3131.476  
1.064     7609.185  3143.105  
1.065     7589.920  3150.851  
1.066     7577.441  3154.635  
1.067     7571.799  3153.604  
1.068     7572.894  3146.514  
1.069     7580.421  3132.326  
1.070     7593.823  3110.828  
1.071     7612.287  3083.037  
1.072     7634.793  3051.249  
1.073     7660.204  3018.678  
1.074     7687.402  2988.754  
1.075     7715.421  2964.289  
1.076     7743.544  2946.767  
1.077     7771.358  2936.007  
1.078     7798.731  2930.309  
1.079     7825.743  2927.031  
1.080     7852.580  2923.395  
1.081     7879.423  2917.261  
1.082     7906.365  2907.687  
1.083     7933.376  2895.113  
1.084     7960.321  2881.157  
1.085     7987.024  2868.061  
1.086     8013.350  2857.947  
1.087     8039.290  2852.091  
1.088     8065.002  2850.461  
1.089     8090.817  2851.666  
1.090     8117.187  2853.305  
1.091     8144.594  2852.561  
1.092     8173.459  2846.836  
1.093     8204.039  2834.253  
1.094     8236.365  2813.956  
1.095     8270.218  2786.200  
1.096     8305.135  2752.268  
1.097     8340.470  2714.241  
1.098     8375.460  2674.644  
1.099     8409.315  2636.004  
1.100     8441.294  2600.408  
1.101     8470.762  2569.154  
1.102     8497.213  2542.638  
1.103     8520.270  2520.507  
1.104     8539.652  2502.038  
1.105     8555.138  2486.597  
1.106     8566.539  2474.024  
1.107     8573.676  2464.789  
1.108     8576.397  2459.910  
1.109     8574.598  2460.649  
1.110     8568.269  2468.123  
1.111     8557.523  2482.963  
1.112     8542.633  2505.137  
1.113     8524.033  2533.956  
1.114     8502.324  2568.226  
1.115     8478.247  2606.439  
1.116     8452.658  2646.917  
1.117     8426.493  2687.895  
1.118     8400.728  2727.576  
1.119     8376.328  2764.209  
1.120     8354.200  2796.248  
1.121     8335.145  2822.557  
1.122     8319.820  2842.596  
1.123     8308.721  2856.490  
1.124     8302.190  2864.906  
1.125     8300.442  2868.741  
1.126     8303.601  2868.717  
1.127     8311.725  2865.028  
1.128     8324.821  2857.186  
1.129     8342.824  2844.138  
1.130     8365.561  2824.622  
1.131     8392.705  2797.638  
1.132     8423.741  2762.858  
1.133     8457.958  2720.855  
1.134     8494.468  2673.072  
1.135     8532.260  2621.569  
1.136     8570.267  2568.640  
1.137     8607.429  2516.446  
1.138     8642.753  2466.777  
1.139     8675.343  2421.001  
1.140     8704.419  2380.172  
1.141     8729.323  2345.217  
1.142     8749.519  2317.085  
1.143     8764.601  2296.791  
1.144     8774.299  2285.298  
1.145     8778.492  2283.284  
1.146     8777.226  2290.834  
1.147     8770.706  2307.202  
1.148     8759.289  2330.728  
1.149     8743.439  2358.987  
1.150     8723.676  2389.150  
1.151     8700.498  2418.472  
1.152     8674.310  2444.804  
1.153     8645.365  2467.028  
1.154     8613.731  2485.321  
1.155     8579.298  2501.202  
1.156     8541.831  2517.274  
1.157     8501.055  2536.683  
1.158     8456.763  2562.331  
1.159     8408.924  2596.049  
1.160     8357.758  2637.997  
1.161     8303.766  2686.532  
1.162     8247.695  2738.616  
1.163     8190.464  2790.619  
1.164     8133.049  2839.241  
1.165     8076.375  2882.272  
1.166     8021.237  2918.995  
1.167     7968.270  2950.162  
1.168     7917.978  2977.571  
1.169     7870.798  3003.379  
1.170     7827.185  3029.317  
1.171     7787.679  3056.031  
1.172     7752.934  3082.716  
1.173     7723.683  3107.159  
1.174     7700.645  3126.186  
1.175     7684.384  3136.401  
1.176     7675.166  3135.043  
1.177     7672.831  3120.783  
1.178     7676.734  3094.267  
1.179     7685.774  3058.295  
1.180     7698.516  3017.525  
1.181     7713.384  2977.706  
1.182     7728.888  2944.529  
1.183     7743.840  2922.370  
1.184     7757.502  2913.263  
1.185     7769.657  2916.472  
1.186     7780.564  2928.799  
1.187     7790.838  2945.488  
1.188     7801.268  2961.387  
1.189     7812.619  2972.034  
1.190     7825.461  2974.451  
1.191     7840.048  2967.583  
1.192     7856.280  2952.386  
1.193     7873.744  2931.617  
1.194     7891.827  2909.329  
1.195     7909.871  2890.105  
1.196     7927.355  2878.085  
1.197     7944.041  2875.963  
1.198     7960.077  2884.211  
1.199     7976.016  2900.802  
1.200     7992.743  2921.571  
1.201     8011.330  2941.085  
1.202     8032.832  2953.780  
1.203     8058.082  2955.013  
1.204     8087.511  2941.846  
1.205     8121.039  2913.437  
1.206     8158.056  2871.067  
1.207     8197.483  2817.862  
1.208     8237.902  2758.301  
1.209     8277.731  2697.607  
1.210     8315.405  2641.099  
1.211     8349.544  2593.550  
1.212     8379.079  2558.617  
1.213     8403.347  2538.384  
1.214     8422.118  2533.103  
1.215     8435.586  2541.202  
1.216     8444.310  2559.586  
1.217     8449.118  2584.162  
1.218     8450.983  2610.479  
1.219     8450.887  2634.360  
1.220     8449.695  2652.430  
1.221     8448.041  2662.534  
1.222     8446.264  2664.010  
1.223     8444.385  2657.819  
1.224     8442.143  2646.486  
1.225     8439.080  2633.782  
1.226     8434.677  2624.117  
1.227     8428.499  2621.675  
1.228     8420.337  2629.458  
1.229     8410.310  2648.511  
1.230     8398.912  2677.602  
1.231     8386.984  2713.483  
1.232     8375.621  2751.632  
1.233     8366.036  2787.232  
1.234     8359.403  2816.079  
1.235     8356.708  2835.233  
1.236     8358.649  2843.291  
1.237     8365.584  2840.296  
1.238     8377.537  2827.328  
1.239     8394.237  2805.952  
1.240     8415.185  2777.673  
1.241     8439.712  2743.592  
1.242     8467.014  2704.386  
1.243     8496.177  2660.580  
1.244     8526.191  2613.012  
1.245     8555.965  2563.280  
1.246     8584.374  2513.980  
1.247     8610.324  2468.606  
1.248     8632.847  2431.092  
1.249     8651.196  2405.053  
1.250     8664.932  2392.960  
1.251     8673.981  2395.471  
1.252     8678.642  2411.170  
1.253     8679.548  2436.787  
1.254     8677.579  2467.813  
1.255     8673.736  2499.292  
1.256     8669.009  2526.608  
1.257     8664.230  2546.106  
1.258     8659.970  2555.507  
1.259     8656.459  2554.087  
1.260     8653.566  2542.648  
1.261     8650.818  2523.310  
1.262     8647.477  2499.179  
1.263     8642.623  2473.950  
1.264     8635.276  2451.494  
1.265     8624.498  2435.438  
1.266     8609.493  2428.757  
1.267     8589.687  2433.394  
1.268     8564.781  2449.964  
1.269     8534.768  2477.631  
1.270     8499.922  2514.238  
1.271     8460.743  2556.712  
1.272     8417.887  2601.677  
1.273     8372.066  2646.132  
1.274     8323.973  2688.037  
1.275     8274.223  2726.668  
1.276     8223.333  2762.640  
1.277     8171.758  2797.588  
1.278     8119.956  2833.547  
1.279     8068.475  2872.207  
1.280     8018.029  2914.225  
1.281     7969.537  2958.839  
1.282     7924.109  3003.875  
1.283     7882.971  3046.130  
1.284     7847.340  3081.979  
1.285     7818.279  3108.012  
1.286     7796.539  3121.545  
1.287     7782.439  3120.973  
1.288     7775.784  3105.960  
1.289     7775.848  3077.516  
1.290     7781.411  3038.022  
1.291     7790.866  2991.170  
1.292     7802.367  2941.778  
1.293     7814.025  2895.401  
1.294     7824.107  2857.682  
1.295     7831.235  2833.473  
1.296     7834.544  2825.893  
1.297     7833.778  2835.597  
1.298     7829.305  2860.529  
1.299     7822.049  2896.290  
1.300     7813.341  2937.003  
1.301     7804.711  2976.421  
1.302     7797.665  3008.990  
1.303     7793.465  3030.676  
1.304     7792.968  3039.456  
1.305     7796.540  3035.461  
1.306     7804.061  3020.787  
1.307     7815.014  2999.017  
1.308     7828.632  2974.513  
1.309     7844.075  2951.606  
1.310     7860.599  2933.799  
1.311     7877.689  2923.186  
1.312     7895.135  2920.217  
1.313     7913.041  2923.835  
1.314     7931.790  2931.931  
1.315     7951.962  2941.890  
1.316     7974.240  2951.064  
1.317     7999.313  2957.050  
1.318     8027.787  2957.752  
1.319     8060.113  2951.331  
1.320     8096.521  2936.152  
1.321     8136.961  2910.824  
1.322     8181.062  2874.371  
1.323     8228.101  2826.501  
1.324     8277.007  2767.898  
1.325     8326.393  2700.460  
1.326     8374.633  2627.402  
1.327     8419.970  2553.201  
1.328     8460.656  2483.329  
1.329     8495.098  2423.760  
1.330     8522.005  2380.220  
1.331     8540.513  2357.235  
1.332     8550.278  2357.171  
1.333     8551.515  2379.594  
1.334     8544.987  2421.219  
1.335     8531.932  2476.542  
1.336     8513.937  2538.904  
1.337     8492.772  2601.674  
1.338     8470.214  2659.214  
1.339     8447.881  2707.523  
1.340     8427.102  2744.491  
1.341     8408.849  2769.830  
1.342     8393.725  2784.730  
1.343     8382.006  2791.357  
1.344     8373.721  2792.260  
1.345     8368.746  2789.817  
1.346     8366.892  2785.787  
1.347     8367.967  2781.040  
1.348     8371.808  2775.498  
1.349     8378.274  2768.304  
1.350     8387.210  2758.171  
1.351     8398.403  2743.865  
1.352     8411.527  2724.707  
1.353     8426.119  2700.987  
1.354     8441.586  2674.168  
1.355     8457.250  2646.813  
1.356     8472.436  2622.180  
1.357     8486.569  2603.541  
1.358     8499.278  2593.375  
1.359     8510.474  2592.660  
1.360     8520.374  2600.518  
1.361     8529.473  2614.348  
1.362     8538.467  2630.398  
1.363     8548.133  2644.554  
1.364     8559.199  2653.104  
1.365     8572.223  2653.267  
1.366     8587.503  2643.417  
1.367     8605.023  2623.052  
1.368     8624.442  2592.596  
1.369     8645.109  2553.180  
1.370     8666.100  2506.514  
1.371     8686.275  2454.887  
1.372     8704.341  2401.304  
1.373     8718.933  2349.619  
1.374     8728.706  2304.522  
1.375     8732.448  2271.199  
1.376     8729.197  2254.562  
1.377     8718.352  2258.185  
1.378     8699.762  2283.265  
1.379     8673.761  2328.085  
1.380     8641.150  2388.232  
1.381     8603.116  2457.496  
1.382     8561.095  2529.065  
1.383     8516.599  2596.662  
1.384     8471.040  2655.385  
1.385     8425.573  2702.207  
1.386     8380.989  2736.146  
1.387     8337.666  2758.159  
1.388     8295.597  2770.799  
1.389     8254.473  2777.684  
1.390     8213.805  2782.854  
1.391     8173.071  2790.122  
1.392     8131.849  2802.539  
1.393     8089.935  2822.039  
1.394     8047.410  2849.303  
1.395     8004.685  2883.778  
1.396     7962.489  2923.795  
1.397     7921.822  2966.739  
1.398     7883.872  3009.265  
1.399     7849.892  3047.596  
1.400     7821.050  3077.904  
1.401     7798.269  3096.770  
1.402     7782.077  3101.665  
1.403     7772.488  3091.373  
1.404     7768.947  3066.297  
1.405     7770.343  3028.609  
1.406     7775.103  2982.219  
1.407     7781.352  2932.534  
1.408     7787.132  2885.981  
1.409     7790.640  2849.251  
1.410     7790.463  2828.280  
1.411     7785.779  2827.120  
1.412     7776.490  2846.982  
1.413     7763.268  2885.830  
1.414     7747.503  2938.698  
1.415     7731.143  2998.651  
1.416     7716.469  3058.064  
1.417     7705.806  3109.836  
1.418     7701.248  3148.315  
1.419     7704.415  3169.822  
1.420     7716.281  3172.816  
1.421     7737.109  3157.756  
1.422     7766.470  3126.766  
1.423     7803.352  3083.169  
1.424     7846.315  3030.973  
1.425     7893.675  2974.346  
1.426     7943.688  2917.151  
1.427     7994.693  2862.580  
1.428     8045.226  2812.927  
1.429     8094.083  2769.527  
1.430     8140.342  2732.845  
1.431     8183.353  2702.696  
1.432     8222.701  2678.516  
1.433     8258.168  2659.629  
1.434     8289.691  2645.436  
1.435     8317.332  2635.487  
1.436     8341.247  2629.433  
1.437     8361.677  2626.900  
1.438     8378.932  2627.364  
1.439     8393.371  2630.079  
1.440     8405.383  2634.109  
1.441     8415.359  2638.444  
1.442     8423.661  2642.139  
1.443     8430.595  2644.440  
1.444     8436.389  2644.847  
1.445     8441.179  2643.117  
1.446     8445.000  2639.217  
1.447     8447.789  2633.295  
1.448     8449.387  2625.681  
1.449     8449.550  2616.972  
1.450     8447.964  2608.173  
1.451     8444.278  2600.846  
1.452     8438.153  2597.138  
1.453     8429.335  2599.597  
1.454     8417.735  2610.687  
1.455     8403.522  2632.090  
1.456     8387.190  2664.006  
1.457     8369.585  2704.722  
1.458     8351.872  2750.664  
1.459     8335.436  2796.941  
1.460     8321.733  2838.209  
1.461     8312.104  2869.603  
1.462     8307.606  2887.525  
1.463     8308.867  2890.176  
1.464     8316.018  2877.783  
1.465     8328.706  2852.521  
1.466     8346.177  2818.137  
1.467     8367.426  2779.305  
1.468     8391.371  2740.762  
1.469     8417.017  2706.391  
1.470     8443.588  2678.457  
1.471     8470.585  2657.246  
1.472     8497.785  2641.221  
1.473     8525.172  2627.644  
1.474     8552.838  2613.422  
1.475     8580.873  2595.892  
1.476     8609.270  2573.334  
1.477     8637.869  2545.156  
1.478     8666.337  2511.773  
1.479     8694.179  2474.304  
1.480     8720.768  2434.208  
1.481     8745.391  2392.976  
1.482     8767.276  2351.946  
1.483     8785.619  2312.285  
1.484     8799.600  2275.118  
1.485     8808.390  2241.759  
1.486     8811.170  2213.965  
1.487     8807.149  2194.101  
1.488     8795.617  2185.107  
1.489     8776.006  2190.174  
1.490     8747.974  2212.127  
1.491     8711.489  2252.663  
1.492     8666.908  2311.694  
1.493     8615.024  2387.073  
1.494     8557.075  2474.807  
1.495     8494.701  2569.654  
1.496     8429.850  2665.885  
1.497     8364.649  2757.990  
1.498     8301.247  2841.199  
1.499     8241.651  2911.786  
1.500     8187.578  2967.187  
1.501     8140.334  3005.975  
1.502     8100.725  3027.756  
1.503     8069.015  3033.046  
1.504     8044.925  3023.159  
1.505     8027.668  3000.120  
1.506     8016.017  2966.612  
1.507     8008.411  2925.935  
1.508     8003.074  2881.931  
1.509     7998.154  2838.872  
1.510     7991.871  2801.246  
1.511     7982.660  2773.431  
1.512     7969.316  2759.241  
1.513     7951.102  2761.387  
1.514     7927.847  2780.969  
1.515     7899.981  2817.147  
1.516     7868.536  2867.115  
1.517     7835.067  2926.407  
1.518     7801.533  2989.469  
1.519     7770.108  3050.354  
1.520     7742.969  3103.391  
1.521     7722.068  3143.753  
1.522     7708.920  3167.857  
1.523     7704.436  3173.607  
1.524     7708.820  3160.480  
1.525     7721.542  3129.517  
1.526     7741.390  3083.247  
1.527     7766.592  3025.574  
1.528     7794.991  2961.633  
1.529     7824.268  2897.551  
1.530     7852.177  2840.022  
1.531     7876.780  2795.612  
1.532     7896.661  2769.781  
1.533     7911.086  2765.817  
1.534     7920.097  2784.001  
1.535     7924.514  2821.382  
1.536     7925.844  2872.256  
1.537     7926.109  2929.203  
1.538     7927.595  2984.313  
1.539     7932.574  3030.276  
1.540     7943.025  3061.199  
1.541     7960.395  3073.095  
1.542     7985.434  3064.102  
1.543     8018.120  3034.475  
1.544     8057.687  2986.387  
1.545     8102.735  2923.575  
1.546     8151.408  2850.854  
1.547     8201.598  2773.563  
1.548     8251.152  2697.020  
1.549     8298.049  2626.063  
1.550     8340.533  2564.743  
1.551     8377.203  2516.175  
1.552     8407.065  2482.516  
1.553     8429.550  2464.971  
1.554     8444.515  2463.779  
1.555     8452.229  2478.133  
1.556     8453.345  2506.118  
1.557     8448.855  2544.712  
1.558     8440.016  2589.957  
1.559     8428.254  2637.299  
1.560     8415.039  2682.074  
1.561     8401.749  2720.064  
1.562     8389.534  2748.049  
1.563     8379.208  2764.266  
1.564     8371.187  2768.702  
1.565     8365.486  2763.164  
1.566     8361.788  2751.052  
1.567     8359.566  2736.805  
1.568     8358.246  2725.073  
1.569     8357.364  2719.722  
1.570     8356.706  2722.951  
1.571     8356.383  2734.757  
1.572     8356.832  2752.951  
1.573     8358.749  2773.694  
1.574     8362.959  2792.359  
1.575     8370.257  2804.445  
1.576     8381.250  2806.356  
1.577     8396.226  2795.913  
1.578     8415.079  2772.627  
1.579     8437.294  2737.736  
1.580     8461.997  2694.050  
1.581     8488.065  2645.612  
1.582     8514.264  2597.173  
1.583     8539.402  2553.473  
1.584     8562.475  2518.430  
1.585     8582.765  2494.401  
1.586     8599.892  2481.745  
1.587     8613.806  2478.871  
1.588     8624.722  2482.767  
1.589     8633.022  2489.843  
1.590     8639.140  2496.804  
1.591     8643.455  2501.340  
1.592     8646.227  2502.480  
1.593     8647.564  2500.603  
1.594     8647.437  2497.136  
1.595     8645.728  2494.038  
1.596     8642.294  2493.213  
1.597     8637.031  2495.990  
1.598     8629.910  2502.799  
1.599     8621.003  2513.119  
1.600     8610.456  2525.663  
1.601     8598.462  2538.720  
1.602     8585.198  2550.536  
1.603     8570.774  2559.655  
1.604     8555.184  2565.181  
1.605     8538.269  2566.964  
1.606     8519.716  2565.707  
1.607     8499.072  2563.001  
1.608     8475.794  2561.235  
1.609     8449.322  2563.362  
1.610     8419.178  2572.488  
1.611     8385.070  2591.316  
1.612     8346.985  2621.552  
1.613     8305.268  2663.427  
1.614     8260.656  2715.487  
1.615     8214.262  2774.714  
1.616     8167.506  2836.967  
1.617     8121.998  2897.592  
1.618     8079.385  2952.074  
1.619     8041.188  2996.611  
1.620     8008.651  3028.513  
1.621     7982.617  3046.407  
1.622     7963.458  3050.234  
1.623     7951.065  3041.062  
1.624     7944.878  3020.774  
1.625     7943.957  2991.705  
1.626     7947.079  2956.333  
1.627     7952.823  2917.084  
1.628     7959.670  2876.308  
1.629     7966.071  2836.366  
1.630     7970.531  2799.756  
1.631     7971.679  2769.155  
1.632     7968.349  2747.295  
1.633     7959.656  2736.663  
1.634     7945.074  2739.096  
1.635     7924.492  2755.396  
1.636     7898.250  2785.119  
1.637     7867.137  2826.589  
1.638     7832.365  2877.139  
1.639     7795.497  2933.490  
1.640     7758.359  2992.165  
1.641     7722.938  3049.856  
1.642     7691.260  3103.679  
1.643     7665.293  3151.316  
1.644     7646.843  3191.011  
1.645     7637.478  3221.454  
1.646     7638.467  3241.571  
1.647     7650.724  3250.304  
1.648     7674.761  3246.452  
1.649     7710.645  3228.643  
1.650     7757.943  3195.483  
1.651     7815.692  3145.850  
1.652     7882.379  3079.285  
1.653     7955.964  2996.393  
1.654     8033.945  2899.172  
1.655     8113.484  2791.241  
1.656     8191.568  2677.899  
1.657     8265.208  2565.990  
1.658     8331.646  2463.488  
1.659     8388.558  2378.703  
1.660     8434.215  2319.067  
1.661     8467.602  2289.670  
1.662     8488.476  2292.008  
1.663     8497.353  2323.558  
1.664     8495.429  2378.418  
1.665     8484.450  2448.747  
1.666     8466.530  2526.369  
1.667     8443.967  2604.033  
1.668     8419.050  2676.159  
1.669     8393.912  2739.066  
1.670     8370.411  2790.822  
1.671     8350.071  2830.834  
1.672     8334.060  2859.294  
1.673     8323.197  2876.641  
1.674     8317.968  2883.149  
1.675     8318.533  2878.771  
1.676     8324.727  2863.238  
1.677     8336.047  2836.398  
1.678     8351.644  2798.644  
1.679     8370.344  2751.329  
1.680     8390.691  2697.023  
1.681     8411.039  2639.558  
1.682     8429.675  2583.810  
1.683     8444.961  2535.246  
1.684     8455.495  2499.252  
1.685     8460.242  2480.363  
1.686     8458.652  2481.506  
1.687     8450.734  2503.468  
1.688     8437.081  2544.715  
1.689     8418.856  2601.605  
1.690     8397.713  2668.904  
1.691     8375.683  2740.443  
1.692     8355.006  2809.774  
1.693     8337.940  2870.740  
1.694     8326.552  2917.944  
1.695     8322.513  2947.118  
1.696     8326.931  2955.416  
1.697     8340.230  2941.632  
1.698     8362.104  2906.315  
1.699     8391.552  2851.783  
1.700     8426.987  2781.971  
1.701     8466.409  2702.119  
1.702     8507.607  2618.282  
1.703     8548.373  2536.694  
1.704     8586.686  2463.062  
1.705     8620.855  2401.885  
1.706     8649.596  2355.953  
1.707     8672.063  2326.147  
1.708     8687.815  2311.606  
1.709     8696.757  2310.199  
1.710     8699.055  2319.172  
1.711     8695.048  2335.774  
1.712     8685.172  2357.723  
1.713     8669.903  2383.452  
1.714     8649.721  2412.122  
1.715     8625.101  2443.473  
1.716     8596.525  2477.587  
1.717     8564.500  2514.637  
1.718     8529.586  2554.700  
1.719     8492.418  2597.630  
1.720     8453.728  2642.999  
1.721     8414.346  2690.058  
1.722     8375.203  2737.696  
1.723     8337.304  2784.401  
1.724     8301.698  2828.236  
1.725     8269.410  2866.886  
1.726     8241.360  2897.800  
1.727     8218.271  2918.437  
1.728     8200.557  2926.589  
1.729     8188.229  2920.734  
1.730     8180.831  2900.381  
1.731     8177.409  2866.346  
1.732     8176.539  2820.938  
1.733     8176.415  2768.012  
1.734     8174.983  2712.837  
1.735     8170.123  2661.730  
1.736     8159.852  2621.403  
1.737     8142.518  2598.053  
1.738     8116.991  2596.327  
1.739     8082.788  2618.437  
1.740     8040.163  2663.741  
1.741     7990.113  2728.926  
1.742     7934.333  2808.706  
1.743     7875.097  2896.755  
1.744     7815.098  2986.591  
1.745     7757.250  3072.273  
1.746     7704.479  3148.827  
1.747     7659.510  3212.457  
1.748     7624.694  3260.568  
1.749     7601.854  3291.643  
1.750     7592.195  3305.054  
1.751     7596.246  3300.843  
1.752     7613.851  3279.549  
1.753     7644.201  3242.113  
1.754     7685.892  3189.878  
1.755     7737.008  3124.671  
1.756     7795.237  3048.923  
1.757     7857.998  2965.771  
1.758     7922.587  2879.093  
1.759     7986.339  2793.409  
1.760     8046.772  2713.635  
1.761     8101.739  2644.657  
1.762     8149.535  2590.795  
1.763     8188.987  2555.241  
1.764     8219.492  2539.611  
1.765     8241.032  2543.758  
1.766     8254.136  2565.860  
1.767     8259.823  2602.739  
1.768     8259.521  2650.274  
1.769     8254.957  2703.782  
1.770     8248.035  2758.352  
1.771     8240.696  2809.131  
1.772     8234.768  2851.635  
1.773     8231.812  2882.096  
1.774     8232.986  2897.833  
1.775     8238.940  2897.569  
1.776     8249.774  2881.635  
1.777     8265.049  2851.965  
1.778     8283.870  2811.872  
1.779     8305.015  2765.613  
1.780     8327.097  2717.785  
1.781     8348.721  2672.687  
1.782     8368.619  2633.769  
1.783     8385.749  2603.297  
1.784     8399.342  2582.307  
1.785     8408.911  2570.821  
1.786     8414.237  2568.208  
1.787     8415.333  2573.540  
1.788     8412.410  2585.825  
1.789     8405.850  2604.080  
1.790     8396.178  2627.266  
1.791     8384.040  2654.180  
1.792     8370.182  2683.385  
1.793     8355.409  2713.242  
1.794     8340.549  2742.050  
1.795     8326.404  2768.261  
1.796     8313.702  2790.693  
1.797     8303.067  2808.677  
1.798     8295.000  2822.071  
1.799     8289.874  2831.148  
1.800     8287.952  2836.370  
1.801     8289.406  2838.130  
1.802     8294.333  2836.534  
1.803     8302.761  2831.305  
1.804     8314.641  2821.822  
1.805     8329.824  2807.294  
1.806     8348.029  2787.019  
1.807     8368.819  2760.665  
1.808     8391.584  2728.494  
1.809     8415.554  2691.511  
1.810     8439.822  2651.479  
1.811     8463.406  2610.823  
1.812     8485.319  2572.424  
1.813     8504.646  2539.313  
1.814     8520.634  2514.320  
1.815     8532.756  2499.681  
1.816     8540.772  2496.669  
1.817     8544.759  2505.308  
1.818     8545.103  2524.255  
1.819     8542.474  2550.902  
1.820     8537.751  2581.717  
1.821     8531.922  2612.746  
1.822     8525.974  2640.177  
1.823     8520.774  2660.852  
1.824     8516.966  2672.634  
1.825     8514.902  2674.592  
1.826     8514.611  2666.993  
1.827     8515.807  2651.145  
1.828     8517.932  2629.133  
1.829     8520.230  2603.507  
1.830     8521.819  2576.973  
1.831     8521.782  2552.122  
1.832     8519.230  2531.237  
1.833     8513.369  2516.156  
1.834     8503.540  2508.223  
1.835     8489.250  2508.279  
1.836     8470.189  2516.702  
1.837     8446.243  2533.462  
1.838     8417.494  2558.182  
1.839     8384.221  2590.194  
1.840     8346.893  2628.584  
1.841     8306.167  2672.222  
1.842     8262.865  2719.779  
1.843     8217.964  2769.727  
1.844     8172.559  2820.351  
1.845     8127.825  2869.760  
1.846     8084.965  2915.943  
1.847     8045.140  2956.863  
1.848     8009.396  2990.601  
1.849     7978.586  3015.546  
1.850     7953.299  3030.599  
1.851     7933.805  3035.368  
1.852     7920.036  3030.329  
1.853     7911.592  3016.878  
1.854     7907.800  2997.272  
1.855     7907.793  2974.410  
1.856     7910.629  2951.457  
1.857     7915.406  2931.365  
1.858     7921.371  2916.363  
1.859     7927.995  2907.543  
1.860     7935.011  2904.646  
1.861     7942.391  2906.134  
1.862     7950.291  2909.539  
1.863     7958.951  2911.995  
1.864     7968.584  2910.851  
1.865     7979.274  2904.211  
1.866     7990.904  2891.325  
1.867     8003.122  2872.748  
1.868     8015.367  2850.257  
1.869     8026.930  2826.554  
1.870     8037.056  2804.795  
1.871     8045.052  2788.070  
1.872     8050.394  2778.906  
1.873     8052.813  2778.922  
1.874     8052.350  2788.661  
1.875     8049.373  2807.589  
1.876     8044.573  2834.222  
1.877     8038.919  2866.289  
1.878     8033.594  2900.912  
1.879     8029.900  2934.805  
1.880     8029.152  2964.494  
1.881     8032.551  2986.611  
1.882     8041.059  2998.234  
1.883     8055.285  2997.262  
1.884     8075.406  2982.742  
1.885     8101.136  2955.092  
1.886     8131.746  2916.145  
1.887     8166.156  2868.980  
1.888     8203.053  2817.541  
1.889     8241.051  2766.074  
1.890     8278.833  2718.473  
1.891     8315.279  2677.652  
1.892     8349.546  2645.089  
1.893     8381.085  2620.644  
1.894     8409.620  2602.722  
1.895     8435.069  2588.731  
1.896     8457.440  2575.726  
1.897     8476.727  2561.092  
1.898     8492.811  2543.126  
1.899     8505.395  2521.435  
1.900     8513.989  2497.101  
1.901     8517.932  2472.605  
1.902     8516.471  2451.511  
1.903     8508.855  2437.964  
1.904     8494.467  2436.024  
1.905     8472.933  2448.954  
1.906     8444.236  2478.595  
1.907     8408.791  2524.982  
1.908     8367.482  2586.301  
1.909     8321.657  2659.181  
1.910     8273.080  2739.213  
1.911     8223.837  2821.531  
1.912     8176.213  2901.326  
1.913     8132.546  2974.221  
1.914     8095.075  3036.511  
1.915     8065.791  3085.282  
1.916     8046.305  3118.462  
1.917     8037.746  3134.838  
1.918     8040.697  3134.043  
1.919     8055.173  3116.510  
1.920     8080.639  3083.374  
1.921     8116.070  3036.313  
1.922     8160.038  2977.343  
1.923     8210.812  2908.616  
1.924     8266.459  2832.264  
1.925     8324.935  2750.374  
1.926     8384.159  2665.103  
1.927     8442.083  2578.922  
1.928     8496.747  2494.902  
1.929     8546.349  2416.908  
1.930     8589.314  2349.546  
1.931     8624.385  2297.737  
1.932     8650.702  2265.883  
1.933     8667.876  2256.808  
1.934     8676.033  2270.821  
1.935     8675.806  2305.318  
1.936     8668.282  2355.139  
1.937     8654.886  2413.514  
1.938     8637.223  2473.270  
1.939     8616.895  2527.938  
1.940     8595.317  2572.575  
1.941     8573.569  2604.268  
1.942     8552.292  2622.321  
1.943     8531.667  2628.175  
1.944     8511.456  2625.080  
1.945     8491.109  2617.542  
1.946     8469.922  2610.584  
1.947     8447.198  2608.901  
1.948     8422.402  2616.052  
1.949     8395.284  2633.865  
1.950     8365.941  2662.209  
1.951     8334.827  2699.189  
1.952     8302.707  2741.671  
1.953     8270.567  2785.946  
1.954     8239.501  2828.366  
1.955     8210.595  2865.804  
1.956     8184.811  2895.937  
1.957     8162.904  2917.338  
1.958     8145.367  2929.455  
1.959     8132.396  2932.504  
1.960     8123.903  2927.325  
1.961     8119.540  2915.208  
1.962     8118.748  2897.732  
1.963     8120.808  2876.605  
1.964     8124.908  2853.537  
1.965     8130.199  2830.129  
1.966     8135.842  2807.784  
1.967     8141.053  2787.632  
1.968     8145.135  2770.464  
1.969     8147.489  2756.691  
1.970     8147.621  2746.358  
1.971     8145.135  2739.221  
1.972     8139.713  2734.912  
1.973     8131.096  2733.152  
1.974     8119.073  2733.978  
1.975     8103.475  2737.901  
1.976     8084.201  2745.948  
1.977     8061.251  2759.528  
1.978     8034.789  2780.145  
1.979     8005.208  2808.976  
1.980     7973.189  2846.446  
1.981     7939.743  2891.892  
1.982     7906.213  2943.436  
1.983     7874.230  2998.124  
1.984     7845.629  3052.286  
1.985     7822.318  3102.032  
1.986     7806.133  3143.756  
1.987     7798.684  3174.515  
1.988     7801.233  3192.249  
1.989     7814.594  3195.787  
1.990     7839.089  3184.720  
1.991     7874.530  3159.183  
1.992     7920.243  3119.660  
1.993     7975.114  3066.864  
1.994     8037.639  3001.726  
1.995     8105.996  2925.468  
1.996     8178.115  2839.714  
1.997     8251.763  2746.576  
1.998     8324.625  2648.685  
1.999     8394.391  2549.154  
2.000     8458.835  2451.505  
