Time      Mean      STD       
0.000     9998.981  0.737     
0.000     9998.981  0.737     
0.000     9998.981  0.736     
0.000     9998.982  0.736     
0.000     9998.982  0.735     
0.000     9998.979  0.738     
0.000     9998.970  0.746     
0.001     9998.924  0.799     
0.001     9998.841  0.893     
0.002     9998.719  1.023     
0.002     9998.560  1.187     
0.003     9998.361  1.384     
0.003     9998.119  1.615     
0.004     9997.637  2.062     
0.005     9997.032  2.610     
0.005     9996.285  3.276     
0.006     9995.390  4.066     
0.007     9994.300  5.022     
0.008     9991.600  7.376     
0.010     9987.925  10.567    
0.011     9982.953  14.879    
0.012     9976.257  20.678    
0.014     9967.223  28.498    
0.015     9955.079  38.924    
0.017     9938.932  52.773    
0.018     9917.049  71.287    
0.019     9888.588  95.693    
0.021     9850.001  128.097   
0.022     9799.268  170.846   
0.024     9732.270  226.639   
0.025     9644.147  299.009   
0.026     9528.100  393.367   
0.027     9420.494  478.732   
0.028     9290.544  579.752   
0.029     9134.136  698.401   
0.031     8946.421  835.832   
0.032     8724.832  992.467   
0.033     8462.767  1167.343  
0.034     8159.170  1359.318  
0.035     7809.984  1562.862  
0.036     7414.374  1771.517  
0.037     6975.585  1977.780  
0.038     6494.685  2168.940  
0.039     5982.210  2334.068  
0.040     5593.294  2430.847  
0.040     5197.114  2502.500  
0.041     4801.795  2546.142  
0.042     4413.646  2558.430  
0.043     4040.121  2539.790  
0.043     3689.107  2489.884  
0.044     3369.686  2410.923  
0.045     3087.541  2307.950  
0.046     2849.257  2188.224  
0.046     2660.024  2060.055  
0.047     2523.956  1935.263  
0.048     2446.127  1824.273  
0.049     2425.749  1741.532  
0.049     2462.288  1697.086  
0.050     2554.402  1696.631  
0.051     2698.398  1737.314  
0.052     2889.292  1812.569  
0.052     3122.971  1908.321  
0.053     3393.332  2013.243  
0.054     3693.592  2117.584  
0.055     4017.333  2213.005  
0.055     4357.610  2294.552  
0.056     4708.274  2359.077  
0.057     5064.552  2403.587  
0.058     5421.189  2427.455  
0.058     5773.239  2430.530  
0.059     6117.087  2412.854  
0.060     6449.529  2376.065  
0.061     6768.240  2321.153  
0.061     7071.305  2249.270  
0.062     7357.383  2162.454  
0.063     7782.374  1995.270  
0.065     8158.424  1804.607  
0.066     8485.179  1600.582  
0.067     8764.997  1394.391  
0.068     9001.522  1194.103  
0.070     9198.603  1006.605  
0.071     9360.976  837.116   
0.072     9493.511  687.443   
0.073     9600.474  558.678   
0.074     9686.171  449.942   
0.076     9754.384  359.627   
0.077     9808.408  285.748   
0.078     9850.959  226.030   
0.079     9884.391  177.923   
0.081     9910.519  139.591   
0.082     9930.857  109.387   
0.083     9946.665  85.514    
0.084     9958.894  66.636    
0.085     9968.272  51.877    
0.087     9975.420  40.263    
0.088     9980.793  31.197    
0.089     9984.696  24.243    
0.090     9987.409  19.198    
0.092     9989.095  16.163    
0.093     9989.866  15.658    
0.094     9989.768  17.943    
0.095     9988.796  22.636    
0.097     9986.894  29.665    
0.098     9983.978  38.852    
0.099     9979.759  51.035    
0.100     9974.094  66.474    
0.101     9966.620  85.947    
0.103     9956.798  111.150   
0.104     9944.144  143.076   
0.105     9927.804  183.596   
0.106     9907.071  234.399   
0.108     9880.707  297.894   
0.109     9847.484  376.214   
0.110     9806.039  472.363   
0.111     9754.368  588.920   
0.112     9690.898  727.261   
0.114     9614.217  887.491   
0.115     9522.198  1069.983  
0.116     9413.576  1271.696  
0.117     9287.607  1487.766  
0.119     9144.310  1710.592  
0.120     8984.679  1930.985  
0.121     8809.519  2140.936  
0.122     8621.015  2333.512  
0.123     8420.905  2503.020  
0.125     8211.923  2648.049  
0.126     7994.963  2770.857  
0.127     7772.579  2873.293  
0.128     7602.067  2939.167  
0.129     7429.639  2996.927  
0.130     7256.844  3048.051  
0.131     7084.901  3093.037  
0.132     6914.551  3133.451  
0.133     6747.027  3169.772  
0.134     6584.622  3201.652  
0.135     6428.718  3228.591  
0.135     6281.186  3249.583  
0.136     6144.557  3263.542  
0.137     6019.610  3269.889  
0.138     5908.339  3269.437  
0.139     5811.985  3262.193  
0.140     5731.437  3249.381  
0.141     5668.071  3232.775  
0.142     5621.336  3214.255  
0.143     5591.511  3196.338  
0.144     5577.977  3179.989  
0.145     5581.272  3165.824  
0.146     5599.843  3154.942  
0.147     5634.116  3147.666  
0.148     5682.107  3144.128  
0.148     5743.131  3144.423  
0.149     5816.517  3147.363  
0.150     5901.099  3151.226  
0.151     5996.523  3153.863  
0.152     6100.845  3153.540  
0.153     6213.664  3149.897  
0.154     6333.256  3141.493  
0.155     6458.391  3129.358  
0.156     6587.828  3114.136  
0.157     6720.533  3096.178  
0.158     6855.248  3076.503  
0.159     6990.628  3054.976  
0.160     7126.169  3031.109  
0.160     7260.879  3004.258  
0.161     7394.306  2972.174  
0.162     7526.078  2933.506  
0.163     7655.618  2887.896  
0.164     7782.007  2835.597  
0.165     7904.927  2778.494  
0.166     8023.429  2718.630  
0.167     8137.262  2659.136  
0.168     8245.969  2603.019  
0.169     8349.358  2552.718  
0.170     8447.736  2508.415  
0.171     8541.284  2469.799  
0.172     8630.552  2434.226  
0.173     8716.232  2397.671  
0.173     8799.140  2356.182  
0.174     8879.925  2305.443  
0.175     8958.979  2243.277  
0.176     9036.391  2168.341  
0.178     9154.540  2025.776  
0.179     9231.505  1914.960  
0.180     9305.240  1795.727  
0.181     9375.149  1671.035  
0.182     9472.596  1477.683  
0.184     9557.912  1286.170  
0.186     9671.535  979.957   
0.189     9741.291  734.633   
0.191     9765.618  622.889   
0.194     9743.548  717.921   
0.196     9700.540  891.969   
0.197     9635.945  1117.549  
0.199     9552.117  1365.073  
0.201     9452.778  1607.117  
0.203     9342.950  1820.773  
0.204     9254.191  1958.616  
0.206     9163.138  2072.947  
0.207     9070.707  2168.596  
0.208     8976.364  2252.115  
0.210     8880.417  2328.374  
0.211     8782.269  2401.348  
0.212     8681.833  2471.313  
0.213     8603.578  2523.209  
0.214     8523.854  2572.849  
0.215     8442.421  2620.346  
0.217     8359.411  2666.109  
0.218     8274.586  2710.494  
0.219     8188.399  2753.943  
0.220     8100.578  2797.317  
0.221     8011.402  2841.745  
0.221     7942.235  2877.356  
0.222     7872.721  2914.486  
0.223     7803.400  2952.833  
0.224     7734.791  2992.567  
0.225     7667.113  3032.772  
0.226     7601.407  3071.874  
0.226     7538.567  3108.402  
0.227     7478.572  3141.361  
0.228     7422.337  3168.597  
0.229     7370.498  3189.373  
0.230     7323.380  3202.605  
0.230     7281.208  3208.786  
0.231     7243.952  3207.792  
0.232     7211.808  3202.021  
0.233     7184.124  3191.564  
0.234     7160.992  3179.705  
0.234     7141.063  3167.430  
0.235     7125.344  3156.601  
0.236     7111.950  3148.401  
0.237     7101.804  3142.922  
0.238     7094.630  3140.407  
0.239     7088.185  3142.133  
0.240     7087.600  3145.360  
0.241     7089.625  3148.617  
0.241     7094.600  3149.872  
0.242     7102.925  3147.780  
0.243     7113.879  3142.564  
0.244     7127.607  3134.907  
0.245     7143.614  3124.817  
0.245     7162.932  3113.900  
0.247     7198.762  3100.360  
0.248     7239.484  3096.871  
0.250     7285.260  3103.859  
0.251     7336.894  3117.185  
0.252     7396.265  3126.818  
0.254     7464.034  3125.459  
0.255     7541.141  3106.891  
0.257     7627.743  3067.132  
0.258     7721.931  3010.312  
0.259     7820.487  2943.217  
0.261     7919.887  2873.483  
0.262     8018.243  2804.729  
0.263     8111.982  2743.762  
0.265     8200.009  2694.167  
0.266     8281.221  2657.716  
0.268     8355.656  2632.673  
0.269     8424.577  2611.132  
0.270     8488.930  2583.426  
0.272     8549.310  2541.920  
0.273     8605.406  2484.882  
0.275     8655.955  2417.844  
0.276     8698.827  2352.003  
0.277     8731.752  2301.361  
0.279     8753.232  2278.806  
0.280     8762.966  2289.191  
0.281     8761.875  2330.620  
0.283     8752.775  2392.205  
0.284     8738.650  2458.661  
0.286     8723.834  2514.802  
0.287     8710.798  2551.773  
0.288     8701.505  2565.318  
0.290     8697.006  2556.990  
0.291     8696.070  2534.430  
0.293     8697.125  2506.237  
0.294     8698.254  2486.509  
0.295     8698.733  2470.417  
0.296     8698.093  2458.151  
0.297     8696.024  2449.921  
0.298     8691.918  2445.835  
0.299     8685.568  2444.389  
0.300     8677.136  2444.689  
0.301     8665.942  2446.785  
0.302     8652.020  2451.179  
0.303     8635.167  2458.590  
0.304     8615.069  2469.962  
0.305     8591.701  2486.435  
0.305     8573.684  2500.329  
0.306     8553.748  2516.736  
0.307     8532.736  2534.541  
0.308     8510.300  2553.214  
0.308     8486.451  2572.538  
0.309     8461.350  2592.807  
0.310     8435.226  2611.735  
0.310     8408.257  2630.853  
0.311     8379.801  2650.379  
0.312     8351.111  2668.998  
0.312     8321.223  2689.514  
0.313     8290.634  2711.238  
0.314     8259.740  2734.584  
0.315     8228.268  2760.928  
0.315     8196.442  2789.425  
0.316     8164.930  2820.165  
0.317     8133.420  2852.145  
0.317     8103.374  2883.819  
0.318     8074.002  2914.635  
0.319     8046.399  2943.138  
0.320     8020.765  2967.289  
0.320     7997.314  2987.105  
0.321     7976.145  3001.732  
0.322     7957.931  3009.400  
0.322     7942.676  3011.077  
0.324     7923.344  3004.950  
0.325     7910.035  2989.011  
0.326     7901.214  2968.070  
0.327     7895.954  2946.462  
0.328     7892.339  2927.515  
0.329     7890.663  2911.243  
0.330     7889.376  2899.557  
0.331     7887.426  2893.316  
0.332     7885.106  2892.842  
0.333     7882.106  2899.091  
0.335     7878.842  2912.111  
0.336     7875.557  2930.600  
0.337     7873.785  2950.961  
0.338     7874.040  2967.502  
0.339     7876.808  2975.940  
0.340     7882.946  2972.910  
0.341     7892.653  2956.278  
0.342     7904.642  2930.150  
0.343     7918.112  2899.838  
0.344     7932.041  2870.843  
0.345     7944.967  2848.756  
0.347     7955.962  2835.815  
0.348     7964.626  2833.011  
0.349     7971.382  2838.627  
0.350     7976.401  2850.182  
0.351     7979.722  2866.045  
0.353     7984.639  2892.810  
0.354     7991.826  2913.290  
0.356     8003.910  2920.469  
0.358     8022.435  2911.368  
0.359     8046.996  2890.496  
0.361     8076.276  2867.960  
0.363     8109.335  2849.421  
0.364     8145.094  2832.059  
0.366     8183.441  2805.627  
0.368     8223.309  2763.870  
0.370     8261.845  2712.704  
0.371     8295.507  2667.763  
0.373     8321.762  2645.579  
0.375     8339.278  2653.191  
0.376     8350.058  2681.005  
0.378     8357.049  2712.806  
0.380     8364.691  2732.035  
0.381     8375.233  2731.490  
0.383     8388.946  2713.648  
0.385     8404.921  2682.316  
0.386     8420.774  2642.290  
0.388     8429.659  2613.552  
0.389     8436.150  2586.220  
0.390     8438.548  2564.800  
0.391     8435.663  2553.323  
0.392     8426.769  2555.247  
0.393     8412.387  2570.984  
0.394     8397.798  2591.941  
0.395     8380.224  2619.794  
0.396     8360.625  2651.697  
0.397     8339.364  2685.190  
0.398     8317.221  2717.862  
0.399     8294.725  2747.843  
0.400     8272.188  2773.391  
0.400     8250.625  2793.048  
0.401     8229.978  2806.884  
0.402     8210.133  2816.449  
0.403     8191.640  2822.573  
0.404     8174.333  2827.733  
0.405     8157.744  2833.525  
0.406     8142.440  2841.692  
0.407     8127.742  2853.020  
0.408     8114.423  2867.055  
0.408     8102.682  2882.378  
0.409     8092.508  2897.843  
0.410     8084.367  2912.216  
0.411     8079.010  2922.756  
0.412     8076.274  2928.760  
0.413     8076.400  2929.150  
0.414     8079.557  2923.816  
0.415     8085.373  2912.383  
0.416     8093.735  2896.167  
0.416     8104.312  2876.473  
0.417     8116.120  2855.010  
0.418     8129.511  2833.246  
0.419     8143.111  2813.299  
0.420     8157.055  2795.487  
0.421     8170.587  2779.989  
0.422     8183.621  2766.520  
0.423     8195.736  2754.017  
0.423     8206.818  2741.777  
0.424     8216.784  2729.111  
0.425     8225.337  2716.213  
0.426     8232.094  2704.106  
0.427     8236.837  2693.991  
0.428     8239.347  2687.108  
0.429     8239.774  2685.322  
0.430     8237.142  2689.882  
0.431     8232.625  2700.949  
0.431     8225.662  2718.580  
0.432     8217.348  2741.461  
0.433     8207.667  2767.133  
0.434     8197.824  2792.017  
0.435     8188.075  2813.698  
0.436     8178.791  2830.212  
0.437     8170.793  2839.090  
0.438     8164.272  2839.543  
0.438     8158.714  2833.287  
0.439     8154.178  2822.584  
0.440     8150.112  2809.629  
0.441     8146.252  2797.697  
0.442     8141.836  2789.150  
0.443     8137.127  2784.774  
0.444     8131.496  2785.889  
0.445     8124.961  2791.804  
0.446     8117.434  2801.677  
0.446     8109.409  2813.405  
0.447     8101.297  2825.483  
0.448     8092.907  2837.077  
0.449     8084.983  2848.134  
0.450     8076.971  2858.540  
0.451     8070.065  2867.871  
0.452     8064.081  2875.897  
0.453     8059.096  2883.400  
0.453     8055.472  2889.856  
0.454     8053.323  2895.555  
0.455     8052.446  2900.184  
0.456     8053.530  2902.603  
0.457     8056.081  2903.269  
0.458     8060.764  2901.173  
0.459     8067.260  2895.299  
0.460     8075.461  2886.828  
0.461     8085.164  2875.567  
0.461     8096.178  2862.062  
0.462     8108.393  2847.376  
0.463     8121.166  2833.458  
0.464     8134.676  2821.163  
0.465     8148.139  2811.934  
0.466     8161.899  2805.781  
0.467     8175.745  2802.220  
0.468     8189.747  2800.066  
0.468     8204.291  2797.638  
0.469     8218.874  2793.923  
0.470     8234.206  2786.021  
0.471     8250.205  2773.127  
0.472     8266.377  2754.877  
0.473     8282.677  2732.130  
0.474     8298.458  2705.484  
0.475     8313.327  2677.269  
0.476     8326.655  2649.392  
0.476     8337.645  2625.671  
0.477     8345.741  2608.716  
0.478     8351.069  2599.798  
0.479     8353.033  2600.812  
0.480     8351.202  2612.377  
0.481     8347.035  2632.325  
0.482     8340.299  2658.443  
0.483     8331.988  2687.965  
0.484     8322.724  2718.001  
0.484     8312.810  2745.789  
0.485     8303.791  2768.266  
0.486     8295.452  2784.628  
0.487     8288.258  2793.693  
0.488     8283.135  2795.268  
0.489     8278.966  2790.209  
0.490     8276.456  2779.607  
0.491     8274.580  2765.117  
0.491     8273.315  2748.519  
0.492     8272.109  2731.922  
0.493     8269.746  2717.320  
0.494     8267.317  2705.569  
0.495     8262.837  2699.472  
0.496     8256.646  2699.710  
0.497     8248.876  2705.960  
0.498     8239.389  2717.477  
0.499     8228.362  2734.317  
0.499     8216.274  2754.700  
0.500     8203.355  2777.876  
0.501     8190.151  2801.687  
0.502     8177.521  2824.767  
0.503     8165.762  2845.246  
0.504     8155.628  2862.037  
0.505     8146.885  2874.501  
0.506     8140.585  2880.502  
0.506     8136.267  2880.529  
0.507     8134.164  2875.037  
0.508     8133.907  2863.690  
0.509     8135.330  2849.228  
0.510     8137.717  2832.982  
0.511     8140.855  2817.208  
0.512     8144.289  2803.624  
0.513     8147.189  2793.559  
0.514     8149.970  2787.366  
0.514     8151.898  2784.161  
0.515     8153.440  2782.639  
0.516     8154.349  2782.581  
0.517     8154.219  2782.975  
0.518     8153.703  2783.259  
0.519     8152.178  2783.602  
0.520     8150.262  2784.200  
0.521     8147.509  2785.873  
0.521     8144.107  2788.681  
0.522     8140.104  2792.664  
0.523     8135.651  2798.495  
0.524     8130.389  2806.299  
0.525     8125.287  2815.365  
0.526     8119.907  2825.795  
0.527     8114.444  2837.958  
0.528     8110.106  2851.015  
0.529     8106.149  2865.018  
0.529     8103.618  2879.246  
0.530     8102.620  2891.689  
0.531     8103.866  2901.106  
0.532     8107.488  2905.098  
0.533     8117.776  2898.714  
0.534     8128.207  2884.550  
0.535     8140.403  2862.845  
0.536     8154.612  2834.853  
0.538     8178.563  2783.971  
0.539     8201.745  2733.897  
0.541     8228.334  2680.037  
0.543     8239.330  2666.353  
0.545     8232.216  2689.423  
0.548     8210.946  2734.018  
0.550     8181.309  2783.172  
0.551     8157.711  2817.092  
0.553     8135.719  2848.860  
0.555     8117.293  2878.620  
0.556     8104.943  2904.846  
0.558     8100.793  2922.975  
0.559     8106.372  2926.020  
0.561     8122.258  2906.862  
0.563     8147.513  2862.803  
0.564     8169.837  2818.647  
0.565     8193.433  2769.958  
0.566     8216.150  2724.161  
0.567     8235.735  2690.139  
0.569     8251.269  2673.234  
0.570     8261.973  2676.123  
0.571     8267.033  2689.816  
0.572     8270.298  2709.936  
0.572     8272.194  2733.837  
0.573     8273.394  2757.740  
0.574     8275.091  2777.442  
0.575     8277.368  2790.615  
0.576     8280.986  2795.103  
0.577     8286.143  2790.176  
0.578     8292.457  2775.944  
0.579     8299.972  2753.513  
0.579     8308.018  2724.930  
0.580     8315.816  2693.627  
0.581     8322.379  2662.705  
0.582     8326.984  2635.578  
0.583     8328.831  2615.981  
0.584     8327.713  2605.471  
0.585     8323.058  2605.475  
0.586     8314.923  2616.561  
0.587     8303.087  2638.175  
0.587     8288.439  2667.337  
0.588     8271.653  2701.483  
0.589     8253.183  2737.101  
0.590     8233.960  2771.684  
0.591     8215.016  2802.925  
0.592     8196.617  2828.993  
0.593     8179.824  2849.516  
0.594     8164.393  2865.036  
0.595     8151.005  2875.552  
0.595     8140.198  2881.750  
0.596     8131.542  2884.753  
0.597     8124.755  2885.372  
0.598     8120.287  2884.083  
0.599     8117.775  2879.814  
0.600     8117.489  2872.482  
0.601     8118.896  2862.698  
0.602     8121.328  2851.914  
0.603     8124.757  2840.557  
0.603     8129.298  2829.857  
0.604     8134.159  2820.493  
0.605     8139.250  2814.099  
0.606     8144.501  2810.817  
0.607     8149.558  2809.836  
0.608     8154.932  2810.404  
0.609     8160.524  2810.785  
0.610     8166.038  2810.481  
0.611     8172.186  2808.227  
0.611     8178.869  2803.478  
0.612     8185.656  2796.527  
0.613     8192.767  2788.203  
0.614     8199.314  2778.470  
0.615     8206.448  2766.817  
0.616     8212.349  2754.472  
0.617     8217.914  2741.463  
0.618     8222.047  2727.734  
0.619     8225.007  2714.172  
0.619     8226.165  2701.722  
0.620     8225.231  2692.474  
0.622     8219.012  2689.081  
0.623     8211.300  2696.284  
0.623     8200.966  2712.338  
0.624     8188.400  2736.619  
0.626     8165.703  2788.305  
0.627     8142.038  2845.134  
0.629     8112.488  2912.620  
0.632     8099.293  2930.628  
0.634     8104.468  2903.120  
0.636     8124.685  2855.089  
0.638     8151.615  2811.421  
0.640     8173.062  2787.194  
0.641     8193.159  2771.468  
0.643     8211.913  2760.768  
0.644     8228.804  2751.567  
0.646     8243.330  2740.881  
0.648     8255.215  2725.927  
0.649     8264.026  2706.664  
0.651     8267.920  2687.846  
0.652     8266.715  2678.263  
0.653     8261.542  2676.932  
0.654     8251.984  2686.567  
0.656     8238.205  2708.923  
0.657     8221.082  2742.140  
0.658     8202.504  2782.087  
0.659     8188.443  2813.474  
0.660     8174.963  2843.726  
0.661     8163.126  2870.867  
0.662     8153.420  2893.217  
0.662     8146.400  2909.815  
0.663     8142.725  2919.023  
0.664     8142.382  2920.386  
0.665     8145.752  2913.249  
0.666     8152.253  2898.238  
0.667     8161.727  2875.277  
0.668     8173.598  2845.132  
0.669     8187.077  2809.723  
0.670     8200.794  2771.560  
0.670     8214.279  2732.728  
0.671     8226.719  2696.044  
0.672     8236.420  2665.356  
0.673     8243.181  2643.616  
0.674     8246.265  2632.961  
0.675     8245.445  2634.431  
0.676     8240.540  2647.497  
0.677     8232.301  2670.489  
0.678     8220.772  2699.837  
0.678     8207.127  2731.862  
0.679     8191.721  2763.715  
0.680     8175.643  2791.724  
0.681     8159.365  2814.026  
0.682     8143.745  2830.807  
0.683     8128.345  2842.761  
0.684     8114.071  2851.699  
0.685     8100.641  2859.125  
0.686     8088.377  2867.459  
0.686     8076.991  2878.007  
0.687     8067.116  2890.817  
0.688     8058.623  2905.318  
0.689     8052.485  2919.748  
0.690     8048.390  2932.284  
0.691     8047.292  2940.920  
0.692     8049.172  2943.835  
0.693     8053.886  2940.113  
0.694     8061.890  2928.864  
0.694     8072.668  2911.915  
0.695     8085.713  2890.813  
0.696     8100.637  2868.063  
0.697     8116.873  2845.942  
0.698     8133.700  2826.453  
0.699     8151.399  2809.944  
0.700     8168.767  2796.267  
0.701     8186.522  2784.248  
0.702     8203.855  2772.170  
0.702     8220.920  2758.855  
0.703     8237.466  2743.902  
0.704     8253.104  2728.024  
0.705     8267.857  2711.872  
0.706     8281.300  2696.693  
0.707     8293.445  2683.416  
0.708     8303.570  2673.456  
0.709     8312.022  2666.640  
0.710     8318.299  2663.424  
0.710     8322.832  2663.252  
0.711     8325.290  2665.008  
0.712     8326.096  2668.781  
0.713     8325.068  2673.508  
0.714     8322.546  2678.307  
0.715     8318.687  2682.842  
0.716     8313.214  2687.324  
0.717     8306.403  2691.609  
0.718     8298.598  2696.210  
0.718     8289.187  2702.662  
0.719     8278.817  2712.020  
0.720     8267.044  2725.465  
0.721     8254.703  2743.354  
0.722     8241.835  2765.380  
0.723     8228.702  2790.556  
0.724     8216.397  2816.663  
0.725     8205.222  2841.230  
0.726     8195.918  2862.318  
0.726     8188.857  2877.835  
0.727     8184.963  2886.217  
0.728     8183.801  2887.422  
0.729     8185.525  2882.575  
0.730     8190.287  2871.572  
0.731     8197.472  2855.934  
0.732     8207.131  2836.728  
0.733     8218.467  2815.437  
0.733     8231.175  2793.060  
0.734     8244.235  2771.032  
0.735     8257.713  2748.914  
0.736     8271.077  2727.656  
0.737     8283.054  2708.179  
0.738     8294.171  2689.522  
0.739     8303.853  2672.524  
0.740     8311.539  2657.396  
0.741     8317.069  2644.961  
0.741     8319.818  2636.257  
0.742     8320.182  2631.449  
0.743     8317.334  2631.284  
0.744     8311.938  2636.071  
0.745     8303.266  2646.572  
0.746     8291.939  2662.297  
0.747     8278.241  2681.559  
0.748     8262.618  2703.962  
0.749     8245.100  2727.974  
0.749     8227.073  2751.717  
0.750     8207.654  2774.652  
0.751     8188.758  2795.201  
0.752     8169.403  2814.194  
0.753     8150.870  2831.788  
0.754     8132.890  2847.723  
0.755     8116.079  2862.714  
0.756     8100.615  2876.281  
0.757     8086.538  2887.927  
0.757     8074.489  2896.430  
0.758     8063.976  2901.231  
0.759     8055.766  2902.009  
0.760     8048.767  2898.816  
0.761     8043.841  2892.663  
0.762     8039.959  2884.400  
0.763     8037.812  2875.799  
0.764     8035.856  2868.559  
0.765     8034.662  2863.612  
0.765     8033.516  2861.064  
0.767     8032.704  2860.491  
0.768     8032.109  2861.683  
0.770     8032.115  2860.793  
0.771     8032.452  2855.968  
0.772     8033.124  2847.446  
0.774     8033.363  2839.418  
0.775     8032.183  2836.692  
0.776     8029.895  2844.124  
0.778     8027.116  2864.787  
0.779     8025.097  2896.719  
0.780     8026.046  2933.359  
0.782     8032.746  2962.586  
0.783     8047.736  2973.365  
0.785     8072.383  2957.691  
0.786     8105.897  2911.855  
0.787     8145.417  2841.714  
0.789     8187.675  2758.589  
0.790     8227.745  2679.680  
0.791     8261.278  2622.915  
0.793     8285.458  2598.165  
0.795     8303.396  2622.628  
0.797     8301.012  2685.510  
0.799     8289.258  2742.802  
0.801     8277.222  2777.949  
0.804     8270.190  2796.514  
0.806     8271.024  2801.085  
0.808     8281.004  2779.779  
0.810     8296.530  2728.461  
0.812     8309.876  2672.752  
0.814     8312.774  2656.062  
0.817     8303.032  2696.961  
0.819     8286.538  2770.196  
0.821     8274.649  2831.591  
0.823     8277.159  2846.808  
0.825     8297.183  2805.598  
0.827     8322.043  2741.345  
0.829     8347.989  2668.857  
0.830     8369.383  2607.542  
0.832     8380.366  2576.176  
0.834     8379.915  2576.978  
0.835     8371.641  2595.742  
0.836     8356.542  2624.975  
0.837     8340.137  2650.911  
0.838     8320.572  2676.082  
0.839     8299.170  2699.353  
0.840     8275.847  2721.263  
0.842     8251.362  2743.383  
0.843     8226.116  2766.863  
0.844     8200.409  2793.132  
0.845     8175.179  2820.090  
0.846     8151.280  2846.651  
0.847     8128.901  2869.912  
0.848     8109.034  2886.076  
0.849     8092.006  2894.013  
0.850     8077.951  2891.781  
0.851     8066.257  2880.939  
0.852     8056.734  2863.960  
0.853     8047.976  2845.679  
0.854     8039.166  2831.787  
0.855     8029.378  2825.487  
0.856     8018.437  2829.047  
0.858     8006.078  2842.357  
0.859     7992.721  2862.890  
0.860     7979.000  2887.295  
0.861     7966.155  2911.178  
0.862     7954.809  2931.941  
0.863     7945.577  2947.092  
0.864     7939.009  2955.725  
0.865     7935.932  2957.625  
0.866     7936.449  2953.013  
0.867     7939.492  2945.519  
0.868     7945.349  2935.690  
0.869     7953.629  2925.616  
0.870     7963.758  2917.049  
0.871     7975.957  2910.050  
0.872     7989.618  2904.752  
0.874     8004.839  2900.602  
0.875     8022.004  2895.041  
0.876     8040.616  2886.043  
0.877     8060.768  2871.096  
0.878     8082.299  2848.634  
0.879     8104.803  2818.996  
0.880     8126.504  2786.198  
0.881     8150.330  2749.073  
0.881     8152.841  2745.270  
0.881     8155.399  2741.536  
0.882     8160.220  2734.765  
0.882     8167.359  2725.308  
0.883     8173.924  2717.857  
0.883     8180.118  2712.651  
0.884     8185.315  2710.312  
0.884     8189.775  2710.389  
0.885     8194.020  2713.230  
0.885     8197.303  2718.717  
0.885     8199.963  2726.059  
0.886     8202.431  2735.862  
0.886     8204.647  2746.444  
0.887     8205.856  2759.254  
0.887     8207.547  2771.611  
0.888     8208.840  2785.065  
0.888     8210.336  2797.418  
0.889     8211.803  2809.076  
0.889     8213.611  2820.016  
0.890     8215.875  2828.057  
0.890     8218.151  2835.604  
0.890     8221.492  2839.281  
0.891     8224.884  2842.021  
0.891     8229.030  2841.421  
0.892     8233.687  2838.515  
0.892     8238.965  2833.269  
0.893     8244.922  2825.164  
0.893     8251.046  2815.396  
0.894     8258.148  2803.105  
0.894     8265.116  2789.934  
0.895     8272.658  2774.990  
0.895     8280.093  2760.082  
0.896     8288.091  2743.818  
0.896     8295.719  2728.643  
0.896     8303.443  2713.243  
0.897     8310.918  2699.148  
0.897     8318.170  2686.545  
0.898     8325.135  2675.042  
0.898     8331.489  2666.241  
0.899     8337.533  2658.718  
0.899     8343.027  2654.023  
0.900     8348.390  2650.929  
0.900     8352.624  2649.958  
0.901     8356.706  2651.277  
0.901     8360.575  2653.304  
0.901     8363.611  2657.175  
0.902     8366.298  2661.655  
0.902     8368.907  2666.361  
0.903     8370.992  2671.361  
0.903     8372.697  2675.992  
0.904     8374.592  2679.633  
0.904     8376.045  2682.887  
0.905     8377.508  2684.242  
0.905     8378.728  2685.050  
0.906     8380.079  2683.871  
0.906     8380.906  2682.809  
0.907     8382.333  2679.033  
0.907     8382.719  2676.119  
0.907     8383.698  2671.144  
0.908     8384.094  2667.009  
0.908     8384.362  2662.283  
0.909     8384.279  2657.988  
0.909     8383.931  2654.317  
0.910     8383.540  2651.191  
0.910     8382.481  2649.295  
0.911     8381.139  2648.223  
0.911     8379.345  2648.337  
0.912     8377.439  2649.346  
0.912     8374.782  2651.835  
0.912     8371.866  2655.207  
0.913     8368.586  2659.016  
0.913     8365.033  2664.262  
0.914     8361.100  2669.093  
0.914     8356.710  2674.880  
0.915     8352.296  2680.543  
0.915     8347.496  2686.092  
0.916     8342.635  2691.518  
0.916     8337.222  2696.826  
0.917     8332.115  2701.131  
0.917     8326.296  2706.084  
0.918     8320.892  2709.638  
0.918     8314.801  2713.838  
0.918     8308.910  2716.990  
0.919     8302.784  2720.442  
0.919     8296.633  2723.858  
0.920     8290.291  2727.013  
0.920     8283.550  2731.454  
0.921     8277.149  2735.033  
0.921     8270.206  2740.346  
0.922     8263.606  2745.118  
0.922     8256.419  2751.296  
0.923     8249.605  2757.696  
0.923     8242.566  2764.745  
0.923     8235.532  2772.440  
0.924     8228.613  2780.414  
0.924     8221.524  2789.094  
0.925     8214.867  2797.423  
0.925     8208.114  2805.941  
0.926     8201.583  2814.533  
0.926     8195.488  2822.269  
0.927     8189.609  2829.914  
0.927     8183.870  2836.932  
0.928     8178.930  2842.955  
0.928     8173.870  2849.287  
0.929     8169.737  2853.777  
0.929     8165.829  2858.506  
0.929     8162.451  2862.207  
0.930     8159.546  2865.672  
0.930     8157.236  2868.499  
0.931     8155.501  2870.976  
0.931     8154.317  2872.769  
0.932     8153.573  2874.677  
0.932     8153.574  2875.747  
0.933     8153.948  2876.931  
0.933     8155.234  2876.858  
0.934     8156.982  2876.300  
0.934     8159.218  2875.146  
0.934     8162.631  2872.131  
0.935     8165.901  2869.234  
0.935     8170.206  2863.990  
0.936     8174.764  2857.908  
0.936     8180.164  2849.994  
0.937     8185.807  2840.719  
0.937     8192.038  2829.616  
0.938     8198.451  2817.463  
0.938     8205.228  2803.335  
0.939     8212.162  2788.470  
0.939     8219.217  2772.324  
0.940     8226.061  2755.549  
0.940     8232.991  2738.618  
0.940     8239.629  2721.214  
0.941     8245.638  2705.109  
0.941     8251.611  2689.078  
0.942     8256.704  2674.723  
0.942     8261.089  2661.741  
0.943     8264.833  2650.904  
0.943     8267.869  2641.863  
0.944     8269.780  2635.944  
0.944     8270.944  2631.896  
0.945     8270.873  2631.402  
0.945     8270.215  2632.722  
0.945     8268.152  2637.445  
0.946     8265.418  2644.021  
0.946     8261.834  2652.981  
0.947     8257.333  2663.830  
0.947     8251.982  2676.167  
0.948     8246.139  2689.636  
0.948     8239.579  2703.823  
0.949     8232.572  2718.317  
0.949     8225.026  2732.394  
0.950     8217.119  2746.361  
0.950     8209.308  2758.719  
0.951     8200.775  2770.324  
0.951     8192.420  2780.170  
0.951     8184.091  2788.157  
0.952     8175.573  2795.096  
0.952     8167.176  2799.665  
0.953     8158.639  2803.233  
0.953     8150.172  2805.224  
0.954     8141.826  2806.228  
0.954     8133.210  2806.736  
0.955     8124.594  2806.971  
0.955     8116.026  2807.386  
0.956     8107.048  2808.424  
0.956     8098.353  2810.014  
0.957     8089.184  2812.677  
0.957     8079.918  2816.672  
0.957     8070.536  2821.818  
0.958     8060.963  2828.431  
0.958     8051.550  2835.603  
0.959     8041.272  2845.042  
0.959     8031.928  2853.733  
0.960     8021.790  2864.652  
0.960     8012.292  2874.545  
0.961     8002.422  2885.938  
0.961     7993.076  2895.992  
0.962     7983.745  2906.808  
0.962     7974.794  2917.005  
0.962     7966.375  2926.404  
0.963     7957.960  2936.626  
0.963     7950.397  2945.322  
0.964     7943.218  2954.324  
0.964     7936.583  2962.960  
0.965     7930.801  2971.510  
0.965     7925.522  2979.810  
0.966     7921.146  2988.026  
0.966     7917.369  2996.678  
0.967     7914.876  3004.079  
0.967     7912.818  3012.210  
0.968     7912.255  3018.704  
0.968     7912.402  3025.162  
0.968     7913.920  3030.042  
0.969     7916.682  3033.182  
0.969     7920.268  3034.976  
0.970     7925.378  3034.290  
0.970     7931.688  3031.591  
0.971     7939.175  3025.501  
0.971     7948.000  3017.133  
0.972     7958.020  3005.364  
0.972     7969.020  2991.135  
0.973     7980.938  2973.859  
0.973     7993.919  2954.021  
0.973     8007.718  2932.173  
0.974     8021.663  2908.578  
0.974     8036.265  2883.395  
0.975     8051.314  2857.612  
0.975     8066.347  2831.499  
0.976     8081.410  2805.489  
0.976     8095.793  2781.311  
0.977     8110.496  2757.008  
0.977     8123.794  2736.189  
0.978     8137.295  2716.101  
0.978     8149.138  2700.163  
0.979     8160.775  2685.462  
0.979     8170.910  2674.779  
0.979     8180.605  2666.025  
0.980     8188.995  2660.486  
0.980     8196.236  2657.999  
0.981     8202.630  2657.369  
0.981     8207.909  2659.561  
0.982     8212.134  2663.760  
0.982     8215.729  2669.411  
0.983     8218.076  2677.222  
0.983     8219.741  2686.213  
0.984     8220.744  2696.367  
0.984     8220.911  2707.949  
0.984     8220.826  2719.662  
0.985     8219.940  2732.859  
0.985     8218.819  2746.297  
0.986     8217.765  2759.552  
0.986     8215.902  2773.952  
0.987     8214.609  2787.215  
0.987     8213.121  2801.025  
0.988     8211.984  2813.849  
0.988     8210.855  2826.286  
0.989     8210.325  2837.587  
0.989     8210.139  2847.602  
0.990     8210.532  2856.193  
0.990     8211.688  2863.369  
0.990     8213.614  2867.840  
0.991     8215.745  2871.808  
0.991     8219.586  2872.238  
0.992     8223.415  2871.621  
0.992     8228.372  2868.404  
0.993     8234.146  2863.374  
0.993     8240.655  2856.628  
0.994     8248.015  2847.346  
0.994     8255.760  2837.571  
0.995     8264.687  2825.048  
0.995     8273.773  2811.610  
0.995     8283.394  2797.039  
0.996     8293.871  2780.382  
0.996     8304.065  2764.255  
0.997     8314.954  2745.540  
0.997     8325.617  2726.839  
0.998     8336.569  2707.156  
0.998     8347.480  2686.569  
0.999     8357.858  2666.208  
0.999     8368.146  2644.787  
1.000     8377.615  2624.210  
1.000     8386.808  2603.396  
1.001     8395.397  2583.430  
1.001     8402.785  2563.940  
1.001     8409.357  2546.345  
1.002     8415.057  2529.833  
1.002     8419.670  2515.666  
1.003     8422.646  2503.663  
1.003     8424.713  2494.327  
1.004     8425.104  2487.977  
1.004     8424.180  2484.679  
1.005     8421.945  2484.343  
1.005     8418.106  2487.366  
1.006     8412.896  2493.125  
1.006     8406.017  2502.706  
1.006     8398.214  2514.570  
1.007     8388.818  2529.253  
1.007     8377.777  2546.968  
1.008     8366.117  2565.736  
1.008     8353.365  2587.507  
1.009     8339.373  2610.198  
1.009     8324.614  2633.955  
1.010     8308.938  2659.910  
1.010     8293.197  2684.809  
1.011     8276.292  2711.633  
1.011     8259.622  2737.519  
1.012     8242.566  2763.800  
1.012     8225.673  2789.392  
1.012     8208.681  2814.701  
1.013     8192.105  2838.930  
1.013     8176.114  2862.126  
1.014     8160.195  2884.711  
1.014     8145.495  2905.231  
1.015     8131.457  2924.664  
1.015     8118.157  2942.535  
1.016     8106.018  2958.483  
1.016     8095.179  2972.995  
1.017     8085.599  2984.636  
1.017     8076.929  2995.436  
1.017     8070.277  3003.116  
1.018     8064.567  3009.518  
1.018     8060.358  3013.535  
1.019     8057.709  3015.607  
1.019     8056.821  3015.107  
1.020     8056.935  3013.107  
1.020     8058.792  3008.481  
1.021     8061.961  3002.076  
1.021     8066.804  2993.466  
1.022     8072.656  2982.983  
1.022     8079.742  2970.399  
1.023     8088.208  2956.155  
1.023     8097.822  2940.110  
1.023     8108.169  2922.302  
1.024     8119.351  2903.878  
1.024     8131.389  2883.562  
1.025     8143.755  2863.154  
1.025     8157.157  2841.423  
1.026     8170.240  2820.486  
1.026     8183.899  2799.001  
1.027     8197.336  2778.687  
1.027     8211.027  2758.268  
1.028     8224.352  2739.623  
1.028     8237.379  2721.925  
1.028     8250.069  2705.588  
1.029     8262.189  2691.138  
1.029     8274.348  2677.479  
1.030     8285.060  2666.655  
1.030     8295.725  2656.332  
1.031     8310.647  2644.485  
1.031     8312.146  2643.313  
1.031     8313.603  2642.185  
1.031     8316.698  2639.901  
1.032     8322.614  2635.936  
1.032     8328.103  2632.977  
1.032     8333.510  2629.975  
1.033     8338.200  2627.815  
1.033     8342.587  2626.230  
1.033     8349.074  2623.742  
1.034     8352.669  2622.699  
1.034     8356.115  2621.440  
1.035     8358.742  2621.451  
1.035     8362.920  2620.368  
1.036     8368.077  2619.945  
1.038     8368.248  2621.873  
1.039     8363.713  2627.695  
1.040     8354.729  2637.890  
1.041     8341.406  2652.709  
1.043     8324.259  2670.843  
1.044     8303.767  2690.260  
1.045     8280.650  2710.177  
1.046     8255.065  2732.407  
1.048     8228.407  2756.582  
1.049     8200.169  2784.774  
1.050     8172.056  2813.093  
1.051     8145.018  2837.228  
1.053     8119.567  2854.424  
1.054     8096.490  2863.714  
1.055     8075.529  2868.460  
1.056     8056.553  2874.137  
1.058     8039.449  2884.293  
1.059     8024.244  2901.511  
1.060     8012.252  2922.108  
1.061     8003.945  2941.049  
1.063     8000.446  2951.193  
1.064     8002.496  2947.747  
1.065     8009.437  2929.338  
1.066     8020.544  2897.468  
1.068     8034.473  2859.865  
1.069     8048.568  2826.477  
1.070     8061.476  2806.841  
1.071     8072.395  2804.739  
1.073     8080.887  2819.695  
1.074     8088.721  2842.399  
1.075     8096.962  2864.132  
1.077     8113.993  2876.018  
1.079     8138.409  2856.899  
1.080     8159.495  2829.277  
1.081     8182.919  2794.890  
1.083     8205.941  2759.999  
1.084     8227.710  2727.264  
1.085     8246.263  2700.904  
1.087     8260.521  2683.892  
1.088     8269.975  2676.735  
1.089     8273.773  2680.701  
1.091     8273.067  2691.995  
1.092     8268.489  2707.191  
1.093     8260.551  2725.409  
1.094     8253.581  2738.549  
1.095     8245.867  2751.327  
1.096     8237.951  2763.285  
1.097     8229.754  2773.979  
1.098     8221.600  2783.090  
1.099     8213.617  2789.725  
1.100     8206.338  2793.206  
1.101     8201.038  2793.187  
1.101     8196.013  2791.944  
1.102     8190.920  2789.600  
1.103     8185.954  2785.438  
1.103     8181.002  2781.651  
1.104     8175.544  2778.597  
1.105     8169.979  2776.871  
1.105     8163.823  2778.449  
1.106     8157.411  2783.108  
1.107     8150.778  2791.339  
1.107     8143.835  2804.350  
1.108     8136.630  2820.891  
1.109     8129.842  2840.756  
1.110     8123.104  2863.206  
1.110     8117.497  2885.968  
1.111     8113.287  2907.510  
1.112     8110.275  2927.140  
1.112     8109.705  2942.006  
1.113     8110.956  2952.557  
1.114     8117.807  2956.341  
1.115     8130.283  2945.113  
1.116     8148.639  2918.491  
1.117     8171.788  2879.739  
1.118     8198.089  2831.998  
1.119     8226.766  2778.900  
1.120     8255.463  2725.527  
1.121     8282.791  2676.018  
1.122     8307.218  2633.799  
1.123     8327.633  2602.259  
1.124     8343.287  2583.321  
1.125     8353.532  2578.531  
1.126     8358.423  2587.318  
1.127     8358.830  2607.503  
1.128     8355.072  2636.596  
1.129     8348.253  2670.023  
1.130     8339.638  2703.210  
1.132     8325.324  2744.271  
1.133     8317.074  2759.118  
1.134     8310.009  2763.328  
1.135     8304.270  2758.111  
1.136     8299.180  2745.988  
1.138     8289.596  2714.751  
1.140     8276.392  2694.695  
1.142     8255.139  2703.420  
1.144     8234.062  2728.923  
1.145     8210.283  2762.714  
1.146     8184.131  2803.555  
1.148     8159.776  2841.307  
1.149     8138.278  2871.814  
1.151     8122.096  2887.988  
1.152     8111.439  2888.416  
1.154     8106.027  2876.146  
1.155     8105.105  2856.885  
1.157     8106.999  2838.432  
1.158     8110.032  2825.066  
1.159     8112.855  2815.565  
1.161     8115.438  2805.879  
1.162     8116.681  2796.275  
1.164     8115.740  2789.668  
1.165     8112.372  2791.534  
1.167     8106.588  2805.362  
1.168     8099.086  2830.772  
1.170     8091.870  2861.441  
1.171     8087.275  2888.906  
1.172     8087.404  2907.193  
1.174     8093.525  2911.327  
1.175     8102.212  2903.612  
1.176     8114.398  2886.892  
1.177     8129.371  2862.136  
1.178     8146.164  2832.117  
1.179     8164.274  2798.570  
1.180     8182.259  2765.862  
1.181     8199.117  2737.043  
1.182     8213.866  2714.890  
1.183     8225.870  2700.888  
1.184     8234.716  2694.925  
1.185     8240.558  2695.287  
1.186     8243.561  2699.581  
1.187     8243.988  2705.415  
1.188     8242.897  2711.951  
1.189     8240.906  2718.902  
1.189     8237.665  2727.047  
1.190     8233.402  2735.701  
1.191     8228.333  2744.468  
1.192     8223.047  2753.072  
1.193     8216.825  2762.239  
1.193     8210.430  2771.536  
1.194     8203.597  2781.016  
1.195     8196.830  2789.986  
1.196     8190.383  2798.730  
1.196     8183.874  2807.523  
1.197     8177.878  2815.654  
1.198     8172.363  2822.682  
1.199     8167.496  2828.869  
1.199     8163.145  2834.365  
1.200     8159.346  2839.373  
1.201     8156.734  2842.936  
1.202     8154.986  2845.991  
1.202     8154.403  2848.719  
1.203     8154.348  2852.187  
1.204     8155.840  2855.193  
1.205     8158.409  2858.242  
1.206     8162.218  2860.989  
1.206     8167.462  2861.886  
1.207     8174.219  2860.253  
1.208     8182.238  2855.051  
1.209     8191.713  2845.884  
1.209     8202.611  2830.911  
1.210     8214.693  2811.225  
1.211     8235.678  2769.637  
1.213     8256.506  2723.060  
1.214     8275.400  2677.850  
1.215     8289.772  2641.985  
1.216     8298.525  2621.929  
1.218     8300.370  2620.776  
1.219     8295.298  2637.576  
1.220     8283.883  2668.886  
1.221     8268.133  2708.626  
1.223     8249.739  2750.289  
1.224     8230.401  2787.268  
1.225     8212.205  2815.471  
1.226     8196.371  2832.763  
1.228     8182.854  2840.715  
1.229     8172.650  2842.172  
1.230     8165.023  2841.950  
1.231     8160.088  2841.591  
1.233     8157.491  2841.904  
1.234     8157.410  2841.021  
1.236     8162.297  2829.647  
1.238     8172.073  2800.205  
1.240     8182.113  2759.291  
1.242     8186.276  2728.518  
1.244     8180.185  2734.162  
1.247     8164.070  2786.360  
1.249     8145.559  2861.637  
1.251     8136.311  2910.953  
1.253     8144.456  2893.448  
1.255     8167.058  2817.477  
1.257     8192.825  2733.780  
1.259     8206.688  2701.524  
1.260     8213.064  2704.123  
1.262     8212.780  2732.145  
1.263     8208.276  2767.389  
1.265     8202.243  2793.342  
1.266     8196.999  2802.736  
1.268     8193.026  2798.007  
1.270     8190.200  2788.448  
1.271     8187.811  2784.941  
1.272     8185.576  2786.705  
1.273     8183.051  2795.341  
1.274     8180.431  2809.601  
1.275     8178.721  2824.932  
1.276     8178.857  2837.334  
1.277     8180.289  2842.365  
1.278     8183.227  2842.354  
1.279     8187.706  2837.107  
1.280     8193.712  2826.457  
1.281     8200.679  2812.449  
1.282     8208.679  2796.554  
1.283     8217.025  2780.579  
1.283     8225.718  2766.330  
1.284     8233.981  2755.070  
1.285     8241.774  2747.003  
1.286     8248.851  2740.975  
1.287     8255.796  2735.834  
1.288     8261.368  2730.947  
1.289     8266.865  2725.200  
1.290     8270.964  2718.226  
1.291     8274.314  2710.598  
1.291     8276.448  2703.741  
1.292     8276.908  2699.419  
1.293     8276.129  2697.991  
1.294     8273.633  2700.237  
1.295     8269.786  2705.912  
1.296     8264.342  2714.277  
1.297     8258.033  2723.590  
1.298     8250.290  2733.026  
1.299     8241.844  2741.787  
1.299     8232.515  2749.768  
1.300     8222.761  2757.442  
1.301     8212.469  2765.630  
1.302     8201.518  2775.118  
1.303     8190.302  2786.475  
1.304     8179.373  2799.171  
1.305     8168.137  2813.009  
1.306     8157.637  2826.906  
1.306     8147.889  2840.425  
1.307     8138.769  2853.210  
1.308     8131.283  2864.267  
1.309     8125.442  2873.614  
1.310     8121.140  2881.582  
1.311     8118.858  2887.697  
1.312     8118.730  2891.278  
1.313     8120.839  2892.625  
1.314     8125.102  2890.301  
1.314     8131.885  2882.681  
1.315     8140.785  2869.330  
1.316     8151.289  2849.903  
1.317     8163.169  2824.293  
1.318     8175.691  2792.541  
1.319     8188.459  2757.145  
1.320     8199.757  2721.057  
1.321     8209.483  2687.584  
1.321     8216.109  2659.643  
1.322     8219.744  2641.193  
1.323     8218.880  2634.264  
1.324     8213.995  2639.332  
1.325     8204.982  2655.708  
1.326     8192.014  2682.449  
1.327     8176.020  2716.162  
1.328     8147.428  2774.702  
1.329     8126.443  2814.836  
1.330     8105.393  2852.125  
1.331     8085.316  2884.656  
1.332     8057.200  2923.043  
1.334     8035.593  2945.411  
1.336     8017.687  2954.871  
1.338     8018.329  2952.457  
1.340     8036.472  2951.138  
1.342     8073.788  2938.260  
1.344     8129.749  2886.381  
1.346     8180.201  2817.248  
1.348     8232.703  2733.202  
1.349     8281.488  2651.922  
1.351     8321.432  2589.272  
1.352     8348.108  2554.994  
1.354     8359.491  2551.241  
1.356     8356.454  2575.070  
1.357     8340.507  2622.901  
1.358     8322.138  2670.171  
1.360     8301.317  2720.247  
1.361     8279.280  2768.814  
1.362     8258.262  2810.129  
1.363     8240.257  2839.199  
1.364     8226.085  2853.672  
1.365     8218.212  2854.419  
1.366     8213.207  2846.831  
1.367     8210.184  2832.759  
1.368     8208.728  2814.195  
1.369     8208.444  2793.286  
1.370     8208.389  2773.502  
1.371     8208.079  2757.621  
1.372     8207.069  2747.550  
1.372     8205.139  2745.520  
1.373     8202.041  2751.911  
1.374     8197.905  2766.619  
1.375     8193.263  2788.012  
1.376     8188.406  2813.221  
1.377     8184.428  2838.968  
1.378     8181.905  2862.385  
1.379     8181.503  2879.944  
1.380     8183.788  2889.789  
1.380     8189.325  2889.944  
1.381     8197.870  2880.838  
1.382     8209.632  2863.528  
1.383     8223.473  2840.280  
1.384     8239.832  2812.504  
1.385     8257.435  2782.449  
1.386     8275.891  2752.492  
1.387     8294.246  2723.860  
1.387     8311.978  2697.995  
1.388     8328.866  2673.512  
1.389     8344.431  2650.418  
1.390     8357.702  2628.695  
1.391     8368.877  2606.839  
1.392     8376.823  2584.555  
1.393     8382.077  2562.208  
1.394     8382.632  2541.838  
1.395     8379.128  2525.597  
1.395     8370.421  2516.759  
1.396     8356.540  2518.299  
1.397     8336.833  2532.932  
1.398     8312.106  2561.638  
1.399     8282.009  2604.089  
1.400     8247.710  2657.710  
1.401     8210.362  2718.873  
1.402     8170.930  2783.236  
1.403     8131.250  2846.689  
1.403     8092.427  2905.489  
1.404     8055.897  2956.629  
1.405     8023.306  2997.760  
1.406     7995.038  3028.159  
1.407     7971.845  3046.838  
1.408     7954.427  3053.677  
1.409     7942.631  3049.276  
1.410     7936.332  3035.157  
1.411     7934.740  3013.662  
1.411     7937.057  2987.343  
1.412     7942.964  2958.666  
1.413     7951.148  2930.663  
1.414     7960.764  2906.005  
1.415     7971.359  2885.789  
1.416     7981.989  2870.594  
1.417     7993.023  2859.684  
1.418     8003.396  2852.504  
1.419     8013.603  2847.295  
1.419     8023.128  2842.945  
1.420     8032.493  2838.709  
1.421     8041.109  2834.848  
1.422     8049.439  2831.807  
1.423     8057.365  2830.988  
1.424     8064.528  2833.531  
1.425     8071.692  2839.452  
1.426     8078.759  2848.488  
1.427     8086.311  2859.548  
1.427     8094.481  2871.262  
1.428     8104.103  2881.050  
1.429     8115.539  2887.064  
1.430     8129.090  2887.845  
1.431     8144.898  2882.991  
1.432     8162.858  2872.531  
1.433     8183.360  2856.352  
1.434     8205.577  2835.349  
1.435     8229.693  2810.241  
1.435     8254.768  2781.506  
1.436     8280.693  2749.172  
1.437     8306.552  2713.631  
1.438     8332.040  2675.278  
1.439     8355.947  2635.240  
1.440     8377.666  2595.328  
1.441     8396.133  2557.363  
1.442     8410.905  2522.887  
1.443     8421.078  2495.506  
1.443     8426.269  2477.976  
1.444     8425.661  2473.721  
1.445     8419.550  2484.458  
1.446     8407.741  2511.117  
1.447     8391.163  2552.390  
1.448     8370.369  2605.216  
1.449     8346.700  2664.633  
1.450     8321.848  2725.460  
1.451     8296.522  2782.387  
1.451     8272.714  2830.519  
1.452     8251.172  2866.541  
1.453     8233.238  2888.697  
1.454     8218.709  2896.880  
1.455     8208.137  2892.772  
1.456     8200.849  2879.399  
1.457     8196.853  2859.883  
1.458     8194.865  2837.424  
1.459     8194.863  2815.588  
1.459     8195.522  2796.071  
1.460     8196.606  2781.162  
1.461     8197.199  2770.843  
1.462     8197.517  2764.287  
1.463     8197.091  2760.805  
1.464     8196.149  2760.008  
1.465     8194.017  2761.897  
1.466     8191.304  2765.519  
1.467     8187.718  2771.688  
1.467     8183.494  2780.088  
1.468     8179.240  2789.700  
1.469     8174.775  2801.545  
1.470     8170.314  2815.411  
1.471     8166.322  2829.656  
1.472     8163.474  2843.106  
1.473     8161.729  2854.950  
1.474     8161.844  2863.827  
1.475     8163.655  2868.342  
1.475     8167.841  2867.743  
1.476     8174.124  2861.186  
1.477     8182.386  2849.189  
1.478     8192.221  2832.375  
1.479     8203.666  2811.097  
1.480     8215.721  2786.685  
1.481     8228.493  2760.072  
1.482     8240.514  2733.102  
1.482     8251.554  2707.034  
1.483     8261.080  2683.447  
1.484     8268.163  2663.244  
1.485     8273.041  2648.510  
1.486     8274.101  2640.453  
1.487     8272.422  2638.986  
1.488     8267.332  2644.962  
1.489     8258.535  2658.052  
1.490     8246.992  2676.974  
1.490     8232.911  2700.969  
1.491     8216.524  2728.167  
1.492     8199.067  2757.123  
1.493     8180.326  2786.767  
1.494     8161.346  2815.666  
1.495     8142.916  2841.955  
1.496     8116.871  2874.159  
1.497     8103.458  2887.078  
1.498     8091.520  2895.334  
1.499     8081.048  2899.555  
1.500     8068.545  2898.211  
1.501     8059.389  2892.051  
1.502     8053.546  2883.918  
1.504     8049.547  2878.583  
1.505     8047.559  2876.515  
1.506     8047.398  2876.620  
1.507     8049.046  2877.204  
1.508     8051.961  2876.012  
1.510     8056.920  2870.514  
1.511     8063.665  2859.879  
1.512     8070.889  2844.930  
1.513     8078.914  2826.918  
1.514     8086.307  2811.069  
1.516     8095.083  2802.239  
1.518     8100.488  2824.732  
1.520     8105.441  2872.946  
1.522     8112.490  2906.768  
1.523     8125.705  2930.488  
1.524     8146.816  2937.742  
1.526     8177.428  2920.824  
1.527     8216.599  2878.120  
1.528     8262.907  2808.851  
1.530     8312.884  2719.324  
1.531     8362.074  2620.468  
1.532     8405.312  2528.619  
1.534     8438.568  2459.271  
1.535     8458.803  2425.206  
1.536     8464.301  2424.951  
1.537     8462.730  2441.763  
1.538     8454.950  2472.950  
1.539     8441.278  2514.741  
1.540     8422.922  2561.716  
1.541     8401.300  2610.154  
1.542     8377.058  2656.541  
1.542     8358.330  2688.098  
1.543     8339.106  2716.642  
1.544     8320.019  2741.962  
1.544     8300.958  2764.952  
1.545     8282.434  2784.865  
1.546     8264.722  2802.472  
1.546     8247.723  2818.089  
1.547     8231.821  2832.266  
1.548     8217.034  2845.376  
1.548     8203.360  2857.325  
1.549     8191.408  2867.523  
1.550     8180.630  2876.100  
1.550     8171.548  2882.692  
1.551     8163.944  2887.030  
1.552     8157.849  2888.987  
1.552     8153.333  2888.269  
1.553     8150.624  2884.053  
1.554     8149.328  2877.708  
1.554     8149.035  2869.424  
1.555     8150.174  2859.545  
1.556     8152.222  2848.814  
1.556     8155.002  2838.271  
1.557     8158.251  2827.841  
1.559     8166.461  2809.190  
1.560     8175.155  2794.528  
1.561     8183.953  2781.499  
1.563     8191.789  2768.320  
1.564     8197.996  2754.811  
1.565     8202.212  2741.118  
1.567     8203.248  2732.066  
1.568     8200.751  2731.204  
1.569     8194.210  2741.749  
1.571     8184.224  2761.197  
1.572     8172.711  2783.630  
1.573     8159.376  2805.283  
1.575     8146.796  2820.288  
1.576     8134.780  2828.754  
1.578     8124.144  2831.237  
1.579     8114.345  2831.462  
1.580     8105.210  2831.361  
1.582     8096.464  2833.950  
1.583     8088.561  2839.535  
1.584     8080.904  2848.921  
1.586     8074.158  2860.122  
1.587     8069.292  2870.178  
1.588     8066.730  2875.264  
1.590     8066.563  2873.732  
1.591     8068.657  2866.206  
1.593     8072.923  2855.762  
1.594     8078.370  2846.315  
1.595     8084.803  2840.168  
1.597     8091.464  2839.104  
1.598     8099.160  2839.333  
1.599     8107.331  2838.505  
1.601     8116.540  2833.857  
1.602     8126.793  2826.372  
1.603     8137.823  2818.002  
1.605     8149.267  2812.936  
1.606     8161.187  2811.283  
1.607     8173.454  2812.728  
1.609     8187.542  2812.104  
1.610     8202.799  2808.157  
1.612     8219.796  2798.992  
1.613     8238.354  2784.215  
1.614     8258.298  2764.569  
1.616     8278.532  2740.957  
1.617     8298.250  2714.970  
1.618     8316.303  2689.580  
1.620     8331.584  2669.014  
1.621     8342.807  2658.798  
1.622     8350.145  2660.960  
1.624     8353.920  2673.725  
1.625     8354.978  2691.468  
1.626     8354.812  2703.315  
1.627     8354.239  2710.241  
1.628     8353.801  2709.884  
1.629     8353.221  2703.057  
1.630     8352.259  2691.433  
1.631     8350.443  2677.806  
1.632     8347.277  2665.301  
1.633     8342.068  2658.128  
1.634     8336.088  2657.137  
1.635     8329.027  2660.732  
1.636     8320.137  2668.931  
1.637     8309.960  2681.219  
1.637     8298.535  2696.327  
1.638     8285.811  2713.382  
1.639     8272.443  2730.879  
1.640     8258.532  2747.756  
1.641     8244.080  2763.021  
1.641     8229.978  2775.867  
1.642     8215.936  2786.662  
1.643     8201.972  2796.321  
1.644     8188.222  2804.766  
1.645     8175.155  2812.111  
1.646     8162.335  2820.361  
1.646     8149.990  2829.384  
1.647     8138.361  2839.567  
1.648     8127.312  2851.040  
1.649     8117.117  2863.449  
1.650     8108.117  2875.651  
1.650     8100.426  2886.705  
1.652     8091.273  2899.151  
1.652     8087.990  2902.045  
1.653     8086.358  2900.613  
1.654     8086.709  2894.316  
1.655     8088.624  2883.625  
1.656     8092.174  2869.164  
1.657     8096.766  2852.930  
1.657     8101.594  2836.812  
1.658     8107.030  2821.563  
1.660     8116.093  2801.462  
1.661     8123.371  2793.610  
1.662     8128.728  2797.285  
1.664     8132.997  2808.139  
1.665     8136.845  2820.605  
1.667     8141.107  2829.704  
1.668     8146.784  2829.787  
1.669     8153.974  2819.318  
1.671     8162.330  2799.634  
1.672     8170.592  2775.971  
1.674     8177.293  2754.774  
1.675     8180.818  2742.776  
1.676     8180.390  2743.217  
1.678     8176.256  2753.512  
1.679     8169.271  2767.124  
1.680     8159.582  2779.286  
1.682     8148.099  2786.831  
1.683     8135.222  2792.830  
1.685     8120.266  2805.223  
1.686     8104.799  2826.406  
1.687     8089.241  2858.413  
1.689     8075.585  2895.691  
1.690     8067.007  2927.506  
1.692     8064.990  2946.155  
1.693     8070.991  2947.429  
1.694     8085.437  2930.521  
1.696     8107.802  2899.225  
1.697     8135.760  2860.065  
1.699     8167.226  2817.639  
1.700     8200.350  2775.233  
1.701     8232.550  2736.733  
1.703     8262.334  2703.376  
1.704     8288.238  2675.857  
1.705     8304.205  2659.192  
1.706     8317.178  2646.927  
1.707     8326.527  2640.235  
1.708     8332.484  2639.679  
1.709     8335.265  2645.888  
1.710     8334.905  2658.603  
1.711     8332.289  2675.786  
1.712     8327.551  2695.460  
1.713     8321.566  2714.228  
1.714     8315.220  2729.769  
1.715     8308.925  2740.557  
1.716     8302.779  2745.868  
1.717     8298.386  2746.726  
1.718     8294.188  2745.208  
1.719     8290.107  2741.430  
1.719     8286.126  2736.220  
1.720     8281.760  2729.932  
1.721     8277.004  2724.188  
1.722     8271.666  2718.495  
1.723     8265.781  2714.170  
1.723     8258.888  2712.218  
1.724     8250.934  2713.323  
1.725     8242.259  2717.091  
1.726     8232.159  2725.349  
1.726     8220.975  2737.425  
1.727     8209.337  2752.116  
1.728     8196.921  2770.062  
1.729     8183.998  2790.238  
1.729     8171.192  2811.386  
1.730     8158.527  2832.741  
1.731     8146.434  2853.076  
1.732     8135.740  2871.030  
1.732     8126.061  2885.912  
1.733     8118.069  2897.672  
1.734     8111.954  2904.115  
1.735     8107.876  2906.959  
1.735     8105.160  2905.684  
1.736     8104.687  2900.406  
1.737     8105.855  2891.701  
1.738     8108.531  2880.844  
1.738     8112.429  2868.627  
1.739     8117.490  2855.540  
1.740     8123.363  2842.463  
1.741     8133.863  2823.295  
1.742     8145.092  2807.398  
1.744     8156.278  2795.941  
1.745     8166.737  2790.817  
1.746     8177.091  2790.669  
1.747     8187.019  2795.848  
1.748     8197.289  2803.120  
1.750     8208.672  2806.871  
1.751     8221.321  2802.608  
1.752     8235.823  2785.690  
1.753     8250.841  2755.800  
1.755     8265.846  2714.220  
1.756     8278.201  2669.797  
1.757     8286.331  2630.606  
1.758     8287.807  2607.575  
1.759     8281.965  2605.013  
1.761     8267.667  2625.770  
1.762     8246.432  2665.284  
1.763     8219.406  2717.450  
1.764     8189.068  2775.688  
1.766     8158.106  2831.452  
1.767     8128.615  2881.454  
1.768     8102.800  2921.940  
1.769     8082.944  2951.072  
1.770     8070.466  2968.706  
1.772     8065.543  2974.336  
1.773     8068.974  2967.684  
1.774     8080.115  2948.013  
1.775     8098.134  2915.168  
1.777     8121.534  2871.651  
1.778     8147.944  2820.877  
1.779     8175.342  2766.860  
1.780     8200.724  2717.705  
1.781     8222.407  2678.743  
1.783     8238.468  2655.841  
1.784     8248.208  2651.922  
1.785     8251.612  2665.903  
1.786     8249.379  2692.636  
1.788     8243.043  2723.685  
1.789     8234.675  2751.728  
1.790     8225.125  2772.558  
1.791     8215.327  2785.668  
1.793     8205.888  2792.770  
1.794     8196.997  2797.090  
1.795     8188.909  2801.670  
1.796     8181.490  2808.496  
1.797     8174.819  2817.422  
1.799     8169.600  2826.973  
1.800     8165.948  2835.274  
1.801     8164.443  2840.660  
1.802     8165.322  2843.305  
1.804     8168.605  2841.441  
1.805     8174.612  2834.053  
1.806     8180.744  2823.746  
1.807     8187.701  2809.544  
1.808     8195.576  2791.580  
1.808     8203.352  2770.994  
1.809     8210.870  2749.545  
1.810     8217.129  2729.045  
1.811     8222.064  2710.981  
1.812     8224.633  2696.841  
1.813     8224.923  2687.253  
1.814     8221.967  2682.802  
1.815     8216.062  2684.317  
1.816     8207.258  2691.057  
1.817     8195.314  2704.423  
1.818     8180.767  2724.731  
1.819     8163.449  2751.630  
1.820     8144.994  2784.157  
1.821     8125.192  2820.462  
1.821     8105.956  2857.171  
1.822     8087.510  2891.525  
1.823     8071.414  2920.912  
1.824     8058.013  2943.035  
1.825     8048.302  2956.820  
1.826     8042.097  2962.024  
1.827     8040.023  2959.816  
1.828     8041.779  2952.339  
1.829     8047.130  2942.005  
1.830     8055.690  2931.111  
1.831     8067.414  2920.514  
1.832     8082.007  2911.384  
1.833     8099.060  2903.577  
1.834     8118.869  2895.150  
1.834     8141.433  2884.142  
1.835     8166.604  2868.337  
1.836     8194.102  2846.186  
1.837     8223.314  2815.787  
1.838     8253.971  2776.371  
1.839     8285.281  2727.793  
1.840     8315.869  2671.869  
1.841     8344.628  2612.179  
1.842     8370.111  2552.889  
1.843     8390.706  2500.301  
1.844     8405.157  2460.060  
1.845     8412.808  2437.409  
1.846     8412.913  2435.871  
1.847     8405.527  2456.497  
1.847     8390.912  2497.313  
1.848     8370.073  2554.268  
1.849     8344.595  2621.559  
1.850     8316.174  2692.431  
1.851     8286.350  2761.120  
1.852     8257.146  2822.515  
1.853     8229.942  2872.778  
1.854     8206.281  2910.057  
1.855     8178.515  2941.756  
1.856     8166.656  2947.751  
1.857     8160.457  2944.400  
1.858     8160.246  2933.591  
1.860     8169.344  2907.471  
1.861     8187.963  2870.160  
1.864     8234.409  2779.337  
1.866     8283.109  2675.309  
1.869     8314.746  2610.325  
1.872     8318.330  2617.100  
1.873     8304.015  2655.927  
1.875     8280.144  2700.522  
1.877     8250.343  2736.894  
1.879     8217.141  2761.935  
1.880     8182.126  2781.137  
1.882     8153.980  2797.841  
1.883     8125.530  2816.796  
1.885     8096.813  2837.792  
1.886     8068.846  2860.893  
1.887     8042.605  2885.113  
1.889     8018.779  2910.038  
1.890     7998.850  2932.783  
1.891     7987.126  2947.052  
1.892     7978.636  2958.296  
1.893     7974.101  2965.615  
1.894     7973.304  2969.602  
1.895     7977.016  2969.502  
1.896     7984.882  2964.866  
1.897     7997.056  2955.730  
1.898     8013.055  2941.223  
1.899     8027.637  2925.503  
1.900     8044.424  2906.084  
1.901     8062.470  2883.333  
1.902     8081.756  2857.977  
1.902     8101.421  2831.389  
1.903     8121.297  2804.005  
1.904     8140.953  2777.226  
1.905     8159.589  2751.746  
1.906     8176.821  2728.712  
1.906     8192.647  2708.300  
1.907     8206.266  2691.285  
1.908     8217.608  2678.080  
1.909     8226.516  2668.347  
1.910     8232.914  2662.409  
1.910     8236.450  2660.462  
1.911     8237.717  2662.162  
1.912     8235.755  2668.203  
1.913     8231.522  2678.255  
1.914     8225.314  2691.381  
1.914     8217.123  2707.905  
1.915     8206.863  2728.471  
1.917     8187.608  2767.524  
1.917     8174.923  2793.739  
1.918     8161.857  2820.583  
1.919     8149.496  2846.157  
1.920     8137.994  2869.887  
1.921     8128.204  2889.786  
1.921     8120.193  2905.047  
1.922     8114.793  2914.459  
1.923     8111.791  2918.019  
1.924     8112.166  2912.554  
1.926     8119.820  2894.201  
1.927     8133.135  2870.883  
1.929     8150.894  2847.465  
1.930     8171.868  2825.496  
1.931     8194.874  2803.482  
1.933     8219.167  2780.138  
1.934     8243.793  2756.670  
1.936     8267.710  2736.642  
1.937     8290.481  2720.886  
1.938     8311.499  2707.701  
1.940     8330.784  2693.296  
1.941     8347.807  2675.747  
1.942     8362.060  2656.341  
1.944     8372.569  2642.062  
1.945     8379.085  2639.138  
1.947     8381.173  2652.574  
1.948     8380.407  2680.219  
1.949     8378.058  2715.750  
1.951     8377.057  2745.638  
1.952     8379.786  2757.348  
1.954     8386.255  2746.086  
1.955     8396.832  2710.606  
1.956     8408.949  2659.597  
1.958     8419.143  2606.257  
1.959     8424.456  2562.675  
1.960     8422.159  2538.504  
1.962     8410.557  2538.569  
1.963     8388.459  2563.416  
1.965     8357.493  2605.222  
1.966     8318.957  2657.428  
1.967     8275.304  2711.598  
1.969     8228.943  2760.602  
1.970     8181.279  2800.048  
1.971     8146.484  2822.627  
1.972     8112.743  2840.750  
1.973     8079.275  2855.797  
1.974     8046.665  2869.297  
1.975     8015.108  2882.982  
1.976     7984.366  2897.963  
1.977     7954.685  2915.494  
1.978     7926.739  2935.276  
1.979     7900.078  2956.775  
1.980     7876.097  2978.226  
1.981     7855.195  2997.061  
1.982     7837.622  3011.967  
1.983     7827.535  3018.688  
1.984     7819.725  3021.954  
1.984     7813.830  3022.840  
1.985     7809.838  3021.816  
1.986     7808.093  3019.215  
1.987     7808.304  3015.861  
1.987     7810.080  3013.873  
1.988     7813.967  3012.272  
1.989     7819.483  3012.308  
1.989     7826.909  3013.548  
1.990     7836.478  3014.707  
1.991     7847.799  3016.017  
1.992     7861.157  3016.181  
1.992     7877.076  3013.399  
1.993     7894.934  3007.784  
1.994     7915.132  2998.256  
1.994     7937.569  2984.121  
1.995     7962.067  2965.768  
1.996     7988.281  2942.756  
1.997     8016.009  2916.070  
1.997     8044.573  2886.039  
1.998     8074.470  2852.087  
1.999     8104.274  2816.940  
1.999     8133.897  2780.106  
2.000     8163.011  2743.154  
2.001     8204.996  2688.677  
2.002     8242.528  2640.325  
2.003     8274.196  2602.679  
2.004     8299.517  2578.425  
2.006     8317.683  2568.821  
2.007     8328.938  2574.186  
2.008     8333.623  2591.553  
2.009     8332.400  2617.391  
2.010     8326.701  2647.399  
2.011     8317.563  2677.038  
2.012     8305.805  2704.472  
2.013     8292.897  2728.578  
2.014     8279.205  2750.505  
2.015     8265.631  2771.866  
2.016     8253.007  2794.619  
2.018     8241.960  2819.544  
2.019     8233.510  2845.305  
2.020     8228.309  2869.293  
2.021     8227.563  2886.002  
2.022     8232.465  2891.791  
2.023     8243.062  2882.615  
2.024     8258.921  2858.282  
2.025     8279.566  2819.751  
2.027     8318.452  2738.352  
2.028     8343.079  2684.742  
2.029     8366.362  2635.146  
2.030     8386.703  2594.186  
2.031     8403.120  2565.472  
2.032     8414.475  2550.506  
2.033     8421.043  2546.709  
2.034     8422.379  2552.853  
2.035     8418.664  2566.067  
2.036     8410.687  2584.223  
2.038     8391.235  2620.290  
2.039     8365.430  2665.143  
2.041     8336.057  2716.193  
2.043     8306.141  2766.872  
2.044     8279.010  2809.383  
2.046     8257.972  2837.288  
2.047     8244.624  2849.434  
2.049     8239.500  2848.172  
2.050     8242.335  2835.404  
2.052     8251.669  2811.988  
2.054     8266.198  2776.089  
2.055     8277.969  2742.738  
2.056     8289.584  2705.709  
2.057     8299.469  2669.877  
2.058     8305.796  2640.108  
2.059     8307.151  2621.172  
2.060     8303.247  2614.916  
2.062     8293.122  2621.862  
2.063     8276.533  2641.043  
2.064     8255.025  2668.258  
2.065     8228.921  2700.858  
2.066     8199.149  2735.178  
2.067     8175.313  2760.287  
2.068     8150.693  2784.526  
2.069     8125.013  2807.372  
2.070     8099.661  2829.075  
2.070     8074.009  2848.932  
2.071     8048.748  2868.249  
2.072     8023.857  2885.907  
2.073     8000.210  2902.317  
2.074     7977.335  2916.708  
2.075     7955.870  2928.988  
2.075     7935.649  2939.288  
2.076     7916.988  2947.687  
2.077     7899.745  2954.754  
2.078     7884.227  2961.167  
2.079     7870.488  2967.925  
2.080     7858.283  2976.012  
2.081     7848.012  2985.667  
2.081     7839.720  2996.367  
2.082     7833.563  3007.433  
2.083     7830.324  3017.120  
2.084     7829.801  3023.838  
2.085     7832.318  3025.912  
2.086     7837.985  3023.084  
2.086     7846.516  3014.042  
2.087     7858.157  2999.616  
2.088     7872.035  2980.854  
2.089     7888.423  2958.906  
2.090     7906.398  2935.531  
2.091     7925.336  2913.050  
2.092     7944.745  2893.549  
2.092     7964.681  2876.634  
2.093     7984.380  2863.536  
2.094     8003.796  2854.009  
2.095     8022.899  2847.198  
2.096     8041.950  2842.080  
2.097     8060.339  2838.429  
2.097     8078.842  2834.652  
2.098     8097.308  2830.718  
2.099     8121.283  2824.792  
