Time      Mean      STD       
0.000     9999.009  0.689     
0.000     9999.009  0.689     
0.000     9999.009  0.689     
0.000     9999.009  0.689     
0.000     9999.008  0.691     
0.000     9999.005  0.695     
0.000     9999.001  0.702     
0.001     9998.984  0.727     
0.001     9998.957  0.764     
0.001     9998.890  0.853     
0.002     9998.793  0.973     
0.002     9998.665  1.125     
0.003     9998.502  1.309     
0.003     9998.293  1.537     
0.004     9997.872  1.982     
0.004     9997.307  2.558     
0.005     9996.565  3.301     
0.006     9995.600  4.257     
0.006     9994.348  5.487     
0.007     9992.718  7.090     
0.008     9990.607  9.212     
0.008     9987.860  11.837    
0.010     9980.698  18.800    
0.011     9969.341  29.734    
0.012     9951.445  46.927    
0.013     9923.316  73.654    
0.015     9879.271  114.953   
0.016     9810.617  178.347   
0.017     9736.276  245.258   
0.018     9634.494  334.148   
0.019     9496.789  449.527   
0.020     9313.314  594.812   
0.020     9073.795  770.848   
0.021     8769.244  973.541   
0.022     8395.176  1191.464  
0.023     7953.938  1406.554  
0.024     7580.062  1552.909  
0.025     7186.804  1670.109  
0.025     6790.083  1747.001  
0.026     6409.245  1775.716  
0.027     6065.674  1753.672  
0.028     5780.376  1685.956  
0.028     5611.099  1610.360  
0.029     5492.736  1524.747  
0.029     5428.938  1440.501  
0.030     5420.633  1369.597  
0.030     5466.147  1321.992  
0.031     5561.526  1303.934  
0.031     5701.259  1315.191  
0.032     5878.399  1350.141  
0.032     6085.528  1400.347  
0.033     6315.010  1456.620  
0.034     6559.414  1511.218  
0.034     6811.987  1558.103  
0.035     7066.921  1592.852  
0.035     7319.333  1612.727  
0.036     7565.281  1616.432  
0.036     7801.569  1603.849  
0.037     8025.816  1575.917  
0.037     8236.421  1534.289  
0.038     8432.279  1481.009  
0.038     8612.909  1418.317  
0.039     8778.135  1348.737  
0.040     8928.103  1274.608  
0.040     9063.269  1197.981  
0.041     9184.311  1120.724  
0.041     9292.052  1044.276  
0.042     9387.454  969.788   
0.042     9471.522  897.995   
0.043     9545.276  829.364   
0.043     9609.720  764.109   
0.044     9665.834  702.218   
0.044     9714.536  643.581   
0.045     9756.690  588.023   
0.046     9793.076  535.443   
0.046     9824.408  486.022   
0.047     9851.293  439.928   
0.047     9874.302  397.360   
0.048     9893.960  358.348   
0.049     9920.326  301.096   
0.050     9940.434  251.890   
0.051     9955.668  209.149   
0.051     9967.158  171.184   
0.052     9975.778  137.600   
0.054     9985.910  89.030    
0.055     9990.440  62.531    
0.056     9993.330  42.821    
0.057     9995.021  28.929    
0.059     9995.788  19.665    
0.060     9995.748  14.714    
0.061     9994.892  14.621    
0.062     9993.049  19.597    
0.063     9989.879  29.291    
0.064     9984.806  44.564    
0.066     9976.923  67.591    
0.067     9964.885  101.477   
0.068     9946.713  150.549   
0.069     9919.653  219.480   
0.070     9880.070  312.489   
0.071     9823.298  432.809   
0.073     9743.826  580.914   
0.074     9635.732  754.873   
0.075     9493.344  950.861   
0.076     9312.157  1163.678  
0.077     9090.581  1385.404  
0.078     8831.638  1602.368  
0.080     8544.096  1795.779  
0.081     8317.213  1914.255  
0.081     8089.495  2003.517  
0.082     7868.509  2062.741  
0.083     7661.861  2094.543  
0.084     7476.368  2103.911  
0.085     7318.266  2096.561  
0.086     7192.208  2078.809  
0.087     7101.820  2056.362  
0.087     7058.323  2039.293  
0.088     7036.633  2023.922  
0.089     7036.428  2011.126  
0.089     7056.918  2001.693  
0.090     7096.870  1995.557  
0.091     7154.618  1992.098  
0.091     7228.315  1990.159  
0.092     7315.877  1988.181  
0.092     7390.435  1985.720  
0.093     7470.740  1981.635  
0.094     7555.695  1975.780  
0.094     7644.154  1967.894  
0.095     7735.147  1958.108  
0.095     7827.668  1946.677  
0.096     7920.857  1933.562  
0.096     8013.939  1919.082  
0.097     8106.189  1903.143  
0.097     8197.212  1885.683  
0.098     8286.461  1866.817  
0.098     8373.606  1846.499  
0.099     8458.340  1824.733  
0.099     8540.499  1801.471  
0.100     8619.969  1776.560  
0.100     8696.804  1749.618  
0.101     8770.844  1720.716  
0.101     8842.102  1689.769  
0.102     8910.578  1656.733  
0.102     8976.369  1621.637  
0.103     9039.473  1584.637  
0.103     9099.799  1546.231  
0.104     9157.472  1506.611  
0.104     9212.450  1466.358  
0.105     9264.827  1425.729  
0.105     9314.577  1385.035  
0.106     9361.850  1344.168  
0.106     9406.707  1303.059  
0.107     9449.238  1261.371  
0.107     9489.541  1218.854  
0.108     9527.666  1175.298  
0.108     9563.665  1130.541  
0.109     9597.606  1084.463  
0.109     9629.508  1037.381  
0.110     9659.332  989.951   
0.110     9687.084  943.000   
0.111     9712.756  897.301   
0.111     9736.326  853.901   
0.112     9757.847  813.575   
0.112     9777.351  776.918   
0.113     9794.926  744.369   
0.113     9810.664  716.043   
0.114     9824.701  691.608   
0.114     9837.153  670.657   
0.115     9848.193  652.291   
0.115     9857.932  635.722   
0.116     9866.505  620.184   
0.116     9873.992  604.760   
0.117     9880.506  588.807   
0.117     9886.061  572.087   
0.118     9890.675  554.670   
0.118     9894.337  537.153   
0.119     9896.959  520.320   
0.119     9898.516  505.185   
0.120     9898.884  493.126   
0.120     9897.967  485.460   
0.121     9895.691  482.998   
0.121     9891.929  486.238   
0.122     9886.626  495.372   
0.122     9879.654  510.118   
0.123     9870.894  530.164   
0.124     9854.064  569.284   
0.124     9832.584  617.219   
0.125     9806.029  672.806   
0.126     9773.984  735.078   
0.127     9735.904  803.753   
0.128     9691.292  878.453   
0.128     9639.792  958.757   
0.129     9580.962  1044.981  
0.130     9514.635  1136.867  
0.131     9440.862  1233.886  
0.131     9360.093  1334.016  
0.132     9273.137  1434.291  
0.133     9181.242  1530.693  
0.134     9085.991  1619.189  
0.134     8988.800  1697.132  
0.135     8891.103  1763.520  
0.136     8794.065  1819.441  
0.137     8698.846  1866.372  
0.138     8606.276  1906.322  
0.138     8517.161  1940.214  
0.139     8432.287  1968.485  
0.140     8352.722  1990.741  
0.141     8279.095  2007.682  
0.141     8211.954  2020.154  
0.142     8151.756  2029.334  
0.143     8099.265  2036.109  
0.144     8054.675  2042.113  
0.144     8018.543  2047.578  
0.145     7991.248  2052.722  
0.146     7973.503  2056.257  
0.147     7965.504  2057.292  
0.148     7967.363  2054.916  
0.148     7978.942  2048.738  
0.149     7999.604  2039.678  
0.150     8028.539  2028.761  
0.151     8064.788  2017.017  
0.151     8107.279  2005.214  
0.152     8143.083  1995.911  
0.153     8181.504  1986.190  
0.153     8222.231  1975.955  
0.154     8264.885  1965.118  
0.154     8309.184  1953.666  
0.155     8354.832  1941.680  
0.155     8401.466  1929.114  
0.156     8448.967  1915.643  
0.157     8497.127  1900.856  
0.157     8545.737  1884.244  
0.158     8594.500  1865.673  
0.158     8643.262  1844.964  
0.159     8691.772  1822.417  
0.160     8739.693  1798.757  
0.160     8786.725  1774.939  
0.161     8832.709  1751.586  
0.161     8877.508  1729.325  
0.162     8921.000  1708.307  
0.162     8963.203  1688.153  
0.163     9004.177  1668.225  
0.164     9044.036  1647.584  
0.164     9082.934  1625.421  
0.165     9120.820  1601.348  
0.165     9157.807  1575.059  
0.166     9193.813  1546.785  
0.167     9228.776  1516.977  
0.167     9262.501  1486.247  
0.168     9294.932  1455.230  
0.168     9325.887  1424.728  
0.169     9355.181  1395.419  
0.169     9382.838  1367.630  
0.170     9408.740  1341.704  
0.171     9432.880  1317.548  
0.171     9466.227  1283.701  
0.172     9484.707  1264.060  
0.173     9501.710  1244.931  
0.173     9517.334  1226.093  
0.174     9531.510  1207.665  
0.175     9556.831  1171.480  
0.176     9574.897  1143.714  
0.177     9585.317  1127.051  
0.178     9587.944  1121.109  
0.179     9586.278  1119.323  
0.180     9580.171  1120.738  
0.180     9569.216  1126.568  
0.181     9552.964  1138.883  
0.182     9530.856  1160.663  
0.183     9502.574  1193.909  
0.184     9467.991  1239.541  
0.185     9427.487  1295.784  
0.185     9381.709  1359.432  
0.186     9331.809  1425.395  
0.187     9279.095  1488.609  
0.188     9224.758  1545.723  
0.189     9169.988  1594.869  
0.190     9115.468  1636.804  
0.190     9061.557  1673.434  
0.191     9008.554  1706.486  
0.192     8956.744  1736.949  
0.193     8906.233  1765.528  
0.194     8857.415  1791.592  
0.195     8810.571  1814.987  
0.195     8765.924  1835.831  
0.196     8723.745  1854.279  
0.197     8684.314  1870.217  
0.198     8647.933  1883.075  
0.199     8614.447  1893.001  
0.200     8584.061  1899.986  
0.201     8539.914  1909.205  
0.202     8503.086  1923.817  
0.204     8475.345  1944.667  
0.205     8462.792  1957.767  
0.206     8458.399  1963.770  
0.207     8462.988  1961.061  
0.208     8476.339  1951.220  
0.209     8497.342  1936.872  
0.210     8517.686  1924.377  
0.210     8541.089  1911.734  
0.211     8567.066  1899.331  
0.212     8595.041  1887.204  
0.213     8624.726  1874.577  
0.213     8655.738  1860.464  
0.214     8687.858  1844.071  
0.215     8712.607  1830.683  
0.215     8737.533  1816.754  
0.216     8762.342  1803.034  
0.216     8786.866  1790.248  
0.217     8811.005  1778.796  
0.218     8834.676  1768.959  
0.218     8857.895  1760.617  
0.219     8880.726  1753.457  
0.219     8903.294  1746.602  
0.220     8925.853  1739.063  
0.221     8948.451  1730.002  
0.221     8971.258  1718.550  
0.222     8994.290  1704.209  
0.222     9017.343  1687.162  
0.223     9040.390  1667.772  
0.224     9063.113  1646.951  
0.224     9085.301  1625.908  
0.225     9106.630  1605.959  
0.225     9126.770  1588.182  
0.226     9145.696  1572.998  
0.226     9163.180  1560.665  
0.227     9179.312  1550.679  
0.228     9194.139  1542.471  
0.228     9207.715  1535.320  
0.229     9220.204  1528.576  
0.229     9231.643  1521.640  
0.230     9242.131  1514.221  
0.231     9251.677  1505.906  
0.231     9260.270  1496.707  
0.232     9267.795  1486.776  
0.232     9274.183  1476.651  
0.233     9279.207  1467.214  
0.233     9282.653  1459.283  
0.234     9284.408  1453.506  
0.235     9284.282  1450.606  
0.235     9282.181  1450.837  
0.236     9278.049  1454.469  
0.236     9271.878  1461.599  
0.237     9263.741  1472.079  
0.238     9253.832  1485.634  
0.238     9242.281  1501.929  
0.239     9229.311  1520.263  
0.239     9215.330  1539.614  
0.240     9200.629  1558.944  
0.241     9185.481  1577.286  
0.241     9170.178  1593.786  
0.242     9154.974  1607.857  
0.243     9128.943  1626.657  
0.243     9112.895  1635.289  
0.244     9097.105  1642.387  
0.245     9081.402  1648.922  
0.245     9065.617  1655.723  
0.246     9049.676  1663.315  
0.247     9033.497  1672.283  
0.247     9016.897  1682.724  
0.248     9000.067  1694.230  
0.249     8983.092  1706.272  
0.249     8966.057  1718.280  
0.250     8949.106  1729.750  
0.251     8932.439  1740.477  
0.251     8916.089  1750.690  
0.252     8900.267  1760.457  
0.252     8884.971  1770.066  
0.253     8870.421  1779.065  
0.254     8856.658  1787.096  
0.254     8843.852  1793.521  
0.255     8832.031  1797.882  
0.256     8821.127  1800.227  
0.256     8811.008  1800.817  
0.257     8801.413  1800.409  
0.258     8792.288  1799.721  
0.258     8783.254  1799.864  
0.259     8774.173  1801.716  
0.260     8764.960  1806.136  
0.260     8755.576  1813.493  
0.261     8746.379  1823.453  
0.262     8737.643  1835.166  
0.262     8729.721  1847.220  
0.263     8723.225  1857.913  
0.264     8718.615  1865.764  
0.264     8716.181  1870.115  
0.265     8716.131  1870.915  
0.265     8718.478  1868.589  
0.266     8723.267  1863.759  
0.267     8730.174  1857.284  
0.267     8739.030  1849.486  
0.268     8749.681  1840.681  
0.269     8761.752  1831.148  
0.269     8774.959  1821.166  
0.270     8789.050  1811.129  
0.271     8803.836  1801.482  
0.271     8819.127  1792.672  
0.272     8834.743  1784.610  
0.273     8850.635  1777.100  
0.273     8866.777  1769.424  
0.274     8883.171  1760.699  
0.275     8899.659  1750.436  
0.275     8916.147  1738.424  
0.276     8932.474  1724.895  
0.277     8948.360  1710.785  
0.277     8963.523  1697.200  
0.278     8973.864  1688.537  
0.278     8983.629  1680.995  
0.279     8992.672  1675.048  
0.279     9000.986  1670.683  
0.280     9008.660  1667.889  
0.280     9015.577  1666.592  
0.280     9021.935  1666.441  
0.281     9027.759  1667.251  
0.281     9033.179  1668.389  
0.282     9038.353  1669.537  
0.282     9043.340  1670.398  
0.283     9048.251  1670.452  
0.283     9053.125  1669.581  
0.284     9058.072  1667.649  
0.284     9063.065  1664.250  
0.285     9068.264  1659.520  
0.285     9073.329  1653.745  
0.286     9078.443  1646.898  
0.286     9083.396  1639.093  
0.287     9088.116  1630.742  
0.287     9092.415  1622.235  
0.288     9096.162  1614.040  
0.288     9099.251  1606.647  
0.289     9101.502  1600.701  
0.289     9102.804  1596.805  
0.289     9103.114  1595.415  
0.290     9102.316  1596.884  
0.290     9100.554  1601.185  
0.291     9097.812  1608.109  
0.291     9094.311  1617.151  
0.292     9090.047  1627.558  
0.292     9085.450  1638.475  
0.293     9080.533  1649.162  
0.293     9075.612  1658.776  
0.294     9070.873  1666.747  
0.294     9066.336  1672.879  
0.295     9062.129  1677.021  
0.295     9058.371  1679.062  
0.296     9054.999  1679.355  
0.296     9051.956  1678.258  
0.297     9049.219  1676.118  
0.297     9045.063  1671.582  
0.298     9040.874  1667.052  
0.299     9036.185  1664.066  
0.300     9030.596  1663.795  
0.300     9023.887  1666.870  
0.301     9015.959  1673.447  
0.302     9006.965  1682.787  
0.303     8997.178  1693.716  
0.304     8985.540  1705.864  
0.304     8973.863  1715.836  
0.305     8962.494  1722.602  
0.306     8951.556  1726.784  
0.307     8940.898  1730.657  
0.308     8930.397  1736.564  
0.309     8920.116  1745.475  
0.310     8910.355  1756.307  
0.311     8901.746  1766.476  
0.311     8894.778  1773.563  
0.312     8889.818  1775.910  
0.313     8886.983  1773.021  
0.314     8885.712  1766.216  
0.315     8885.362  1757.191  
0.316     8885.069  1748.094  
0.317     8883.992  1741.684  
0.318     8881.548  1740.088  
0.318     8877.351  1745.185  
0.319     8871.769  1756.618  
0.320     8865.685  1771.798  
0.321     8860.041  1787.192  
0.322     8856.335  1797.979  
0.323     8855.231  1801.997  
0.324     8857.109  1799.142  
0.325     8861.944  1791.249  
0.325     8869.052  1781.720  
0.326     8877.813  1772.738  
0.328     8894.645  1759.125  
0.329     8913.241  1742.904  
0.330     8927.115  1730.119  
0.331     8940.173  1720.164  
0.332     8951.897  1715.815  
0.333     8962.636  1715.637  
0.334     8970.532  1715.954  
0.335     8978.499  1714.650  
0.336     8986.893  1709.768  
0.337     8995.595  1701.221  
0.337     9004.354  1689.514  
0.338     9012.625  1676.363  
0.339     9019.792  1663.618  
0.340     9025.139  1653.248  
0.340     9027.630  1648.097  
0.341     9028.718  1645.667  
0.342     9028.266  1646.270  
0.342     9026.387  1650.110  
0.343     9023.089  1657.089  
0.343     9018.666  1666.713  
0.344     9013.298  1678.336  
0.345     9007.498  1690.882  
0.345     9001.514  1703.396  
0.346     8995.858  1714.513  
0.346     8990.797  1723.374  
0.347     8986.583  1729.300  
0.348     8983.410  1731.833  
0.348     8981.267  1731.088  
0.349     8980.196  1727.357  
0.349     8979.847  1721.712  
0.350     8980.082  1715.022  
0.351     8980.600  1708.354  
0.351     8981.080  1702.691  
0.352     8981.361  1698.538  
0.352     8981.251  1696.385  
0.353     8980.627  1696.240  
0.354     8979.531  1697.821  
0.354     8977.910  1700.869  
0.355     8975.892  1704.793  
0.355     8973.646  1709.152  
0.356     8971.234  1713.525  
0.357     8968.828  1717.676  
0.357     8966.524  1721.331  
0.358     8964.443  1724.067  
0.358     8962.741  1725.810  
0.359     8961.266  1726.722  
0.360     8960.187  1726.540  
0.360     8959.433  1725.422  
0.361     8958.907  1723.555  
0.361     8958.579  1720.971  
0.362     8958.169  1718.105  
0.363     8957.716  1715.283  
0.363     8957.054  1712.907  
0.364     8956.028  1711.608  
0.364     8954.585  1711.767  
0.365     8952.684  1713.608  
0.366     8950.367  1716.885  
0.366     8946.230  1723.953  
0.367     8943.531  1728.755  
0.368     8940.913  1733.330  
0.368     8938.400  1737.341  
0.369     8933.878  1743.380  
0.370     8931.826  1745.040  
0.371     8930.780  1744.670  
0.372     8930.629  1742.252  
0.373     8931.168  1737.784  
0.374     8931.954  1731.992  
0.374     8932.613  1725.623  
0.375     8932.572  1720.504  
0.376     8931.371  1718.337  
0.377     8928.783  1720.279  
0.378     8924.917  1726.674  
0.379     8920.083  1736.727  
0.380     8915.000  1748.352  
0.380     8910.437  1759.190  
0.381     8907.159  1766.776  
0.382     8905.778  1769.601  
0.383     8906.388  1768.175  
0.384     8908.959  1763.652  
0.385     8913.170  1758.230  
0.386     8918.736  1753.057  
0.386     8925.441  1748.172  
0.387     8933.221  1742.308  
0.388     8941.618  1735.060  
0.389     8950.661  1725.659  
0.390     8966.495  1707.643  
0.392     8980.142  1692.498  
0.393     8987.378  1686.152  
0.394     8992.026  1684.331  
0.395     8994.138  1686.748  
0.396     8994.156  1691.688  
0.397     8993.243  1696.087  
0.398     8991.903  1700.663  
0.399     8990.434  1705.099  
0.400     8989.122  1708.639  
0.400     8988.156  1709.834  
0.401     8987.564  1708.138  
0.402     8987.309  1703.404  
0.403     8986.900  1697.506  
0.403     8986.236  1693.708  
0.404     8985.092  1691.459  
0.405     8983.309  1691.557  
0.405     8980.799  1694.132  
0.406     8977.748  1698.987  
0.406     8974.266  1705.508  
0.407     8970.443  1713.027  
0.408     8966.582  1720.464  
0.408     8962.955  1726.894  
0.409     8959.643  1731.572  
0.409     8956.912  1734.209  
0.410     8954.787  1734.853  
0.411     8953.163  1733.997  
0.411     8952.060  1732.104  
0.412     8951.297  1729.999  
0.412     8950.766  1727.999  
0.413     8950.474  1726.458  
0.414     8950.223  1725.510  
0.414     8950.031  1724.928  
0.415     8949.813  1724.513  
0.415     8949.650  1723.965  
0.416     8949.476  1723.063  
0.417     8949.107  1721.881  
0.417     8948.654  1720.420  
0.418     8948.009  1718.936  
0.418     8947.007  1717.984  
0.419     8945.719  1718.067  
0.420     8944.005  1719.526  
0.420     8941.909  1722.772  
0.421     8939.571  1727.529  
0.421     8937.161  1733.332  
0.422     8934.859  1739.614  
0.423     8932.785  1745.559  
0.423     8931.282  1750.403  
0.424     8930.529  1753.623  
0.424     8930.618  1755.056  
0.425     8931.552  1754.783  
0.426     8933.470  1752.958  
0.426     8936.243  1749.937  
0.427     8939.771  1745.918  
0.427     8944.011  1740.855  
0.428     8948.845  1734.581  
0.429     8954.140  1726.953  
0.429     8959.542  1718.140  
0.430     8964.930  1708.556  
0.430     8969.967  1698.719  
0.431     8974.251  1689.513  
0.432     8979.813  1676.179  
0.433     8980.396  1672.984  
0.434     8978.079  1675.226  
0.435     8972.945  1682.705  
0.436     8965.406  1694.888  
0.436     8956.111  1710.941  
0.438     8940.481  1739.511  
0.439     8926.849  1764.163  
0.440     8919.740  1774.607  
0.441     8916.790  1774.855  
0.442     8917.735  1766.533  
0.443     8921.741  1753.811  
0.444     8927.416  1741.603  
0.445     8933.856  1732.160  
0.446     8940.222  1724.923  
0.447     8946.000  1717.812  
0.448     8950.766  1710.388  
0.449     8953.915  1705.418  
0.450     8955.056  1705.706  
0.451     8954.417  1711.317  
0.452     8952.421  1719.900  
0.453     8950.067  1728.339  
0.454     8948.127  1735.288  
0.455     8947.237  1740.407  
0.456     8948.092  1742.678  
0.456     8950.852  1741.185  
0.457     8955.690  1734.485  
0.458     8961.927  1724.048  
0.459     8968.816  1712.622  
0.460     8975.464  1703.163  
0.461     8981.250  1696.951  
0.462     8985.702  1693.341  
0.463     8988.755  1690.344  
0.464     8990.189  1687.722  
0.465     8990.180  1686.473  
0.466     8989.047  1686.708  
0.466     8986.866  1688.859  
0.467     8983.744  1693.123  
0.468     8979.687  1699.694  
0.469     8975.073  1708.071  
0.469     8971.457  1715.087  
0.470     8967.881  1722.257  
0.470     8964.530  1728.986  
0.471     8961.617  1734.680  
0.471     8959.301  1738.597  
0.472     8957.641  1740.296  
0.472     8956.729  1739.626  
0.473     8956.452  1736.724  
0.474     8956.712  1731.917  
0.474     8957.380  1725.749  
0.475     8958.284  1719.096  
0.475     8959.073  1712.833  
0.476     8959.626  1707.824  
0.476     8959.808  1704.700  
0.477     8959.385  1703.929  
0.477     8958.463  1705.568  
0.478     8956.975  1709.392  
0.478     8955.077  1714.892  
0.479     8952.885  1721.241  
0.480     8950.644  1727.535  
0.480     8948.514  1732.952  
0.481     8946.676  1736.958  
0.481     8945.213  1739.301  
0.482     8944.168  1740.041  
0.482     8943.607  1739.428  
0.483     8943.420  1738.086  
0.483     8943.625  1736.295  
0.484     8944.121  1734.440  
0.484     8944.906  1732.731  
0.485     8945.862  1731.274  
0.486     8946.979  1729.924  
0.486     8948.259  1728.515  
0.487     8949.630  1726.989  
0.487     8951.042  1725.260  
0.488     8952.551  1723.122  
0.488     8953.986  1720.878  
0.489     8955.416  1718.660  
0.489     8956.701  1716.753  
0.490     8957.802  1715.429  
0.490     8958.758  1714.652  
0.491     8959.498  1714.353  
0.492     8960.079  1714.467  
0.492     8960.391  1714.689  
0.493     8960.626  1714.867  
0.493     8960.638  1714.961  
0.494     8960.540  1714.909  
0.494     8960.283  1714.970  
0.495     8959.866  1715.391  
0.495     8959.263  1716.260  
0.496     8958.594  1717.678  
0.497     8957.812  1719.604  
0.497     8956.957  1721.579  
0.498     8956.158  1723.070  
0.498     8955.023  1723.247  
0.499     8954.351  1721.720  
0.499     8953.693  1719.157  
0.500     8952.924  1715.859  
0.501     8951.039  1710.834  
0.502     8948.053  1708.751  
0.503     8943.551  1712.145  
0.503     8937.742  1721.178  
0.504     8931.097  1734.379  
0.505     8924.435  1748.887  
0.506     8918.791  1761.094  
0.507     8914.941  1768.919  
0.508     8913.491  1771.015  
0.508     8914.479  1768.233  
0.509     8917.728  1761.775  
0.510     8922.875  1752.600  
0.511     8929.227  1741.237  
0.512     8936.134  1728.322  
0.513     8942.766  1715.458  
0.514     8948.195  1705.466  
0.514     8951.960  1700.360  
0.515     8953.698  1701.787  
0.517     8952.866  1716.274  
0.518     8950.379  1734.863  
0.519     8949.888  1742.899  
0.520     8951.872  1743.005  
0.521     8956.498  1736.490  
0.522     8963.212  1726.322  
0.523     8969.156  1717.782  
0.524     8975.333  1709.729  
0.525     8981.385  1702.040  
0.526     8986.979  1694.782  
0.526     8991.714  1687.984  
0.527     8995.355  1681.689  
0.528     8997.469  1676.727  
0.529     8997.858  1673.752  
0.529     8996.893  1673.597  
0.530     8994.815  1675.487  
0.531     8991.653  1679.679  
0.531     8987.555  1686.100  
0.532     8982.613  1694.516  
0.532     8977.114  1704.406  
0.533     8971.368  1715.199  
0.534     8965.748  1725.860  
0.534     8960.461  1735.677  
0.535     8955.926  1743.669  
0.535     8952.322  1749.200  
0.536     8949.889  1751.728  
0.537     8948.628  1751.346  
0.537     8948.490  1748.348  
0.538     8949.292  1743.325  
0.538     8950.913  1737.045  
0.539     8953.103  1730.124  
0.540     8955.632  1723.258  
0.540     8958.215  1717.061  
0.541     8960.671  1712.058  
0.541     8962.800  1708.657  
0.542     8964.522  1706.874  
0.543     8965.791  1706.718  
0.543     8966.662  1707.772  
0.544     8967.152  1709.763  
0.544     8967.400  1712.103  
0.545     8967.511  1714.416  
0.546     8967.597  1716.439  
0.546     8967.699  1718.086  
0.547     8967.868  1719.172  
0.547     8968.237  1719.441  
0.548     8968.800  1718.661  
0.549     8969.452  1716.635  
0.549     8970.290  1713.129  
0.550     8971.061  1708.486  
0.550     8971.553  1703.118  
0.551     8971.623  1697.682  
0.552     8971.003  1693.022  
0.552     8969.551  1689.923  
0.553     8967.015  1689.222  
0.553     8963.291  1691.457  
0.554     8958.547  1696.793  
0.555     8952.739  1705.145  
0.555     8946.165  1715.841  
0.556     8939.141  1727.829  
0.556     8931.975  1739.963  
0.557     8925.133  1751.166  
0.558     8918.821  1760.622  
0.558     8913.426  1767.760  
0.559     8906.526  1774.388  
0.560     8904.161  1774.856  
0.561     8903.561  1772.827  
0.561     8904.467  1769.347  
0.562     8906.817  1764.924  
0.563     8910.262  1760.122  
0.564     8914.688  1754.635  
0.564     8919.973  1747.998  
0.565     8925.672  1740.138  
0.566     8931.612  1730.973  
0.566     8937.326  1721.504  
0.567     8942.478  1713.092  
0.568     8946.709  1707.387  
0.568     8949.697  1705.446  
0.569     8951.533  1707.123  
0.570     8952.416  1711.330  
0.571     8952.551  1716.467  
0.571     8952.164  1720.962  
0.572     8951.690  1723.616  
0.573     8951.158  1724.589  
0.573     8950.647  1724.382  
0.574     8950.119  1724.203  
0.575     8949.667  1724.666  
0.576     8949.111  1726.379  
0.576     8948.670  1729.007  
0.577     8948.452  1732.145  
0.578     8948.622  1735.317  
0.578     8949.429  1737.666  
0.579     8950.974  1738.953  
0.580     8953.487  1738.618  
0.581     8956.984  1736.264  
0.581     8961.336  1731.916  
0.582     8966.567  1725.447  
0.583     8972.359  1717.293  
0.583     8978.326  1707.953  
0.584     8984.257  1697.910  
0.585     8989.610  1688.360  
0.586     8994.055  1679.936  
0.586     8997.245  1673.587  
0.587     8998.871  1669.878  
0.588     8998.802  1669.047  
0.588     8996.912  1671.523  
0.589     8993.326  1677.095  
0.590     8988.321  1685.200  
0.591     8982.081  1695.370  
0.591     8975.124  1706.458  
0.592     8967.867  1717.688  
0.592     8962.942  1724.982  
0.593     8958.235  1731.640  
0.593     8953.849  1737.612  
0.594     8949.866  1742.962  
0.594     8946.365  1747.516  
0.595     8943.603  1751.204  
0.595     8941.414  1754.075  
0.596     8940.041  1756.133  
0.596     8939.484  1757.180  
0.597     8939.641  1757.294  
0.597     8940.606  1756.285  
0.598     8942.424  1753.864  
0.598     8944.947  1750.205  
0.599     8948.148  1745.198  
0.599     8951.953  1738.900  
0.600     8956.172  1731.837  
0.600     8960.695  1724.243  
0.601     8965.366  1716.412  
0.601     8970.076  1708.657  
0.602     8974.571  1701.513  
0.602     8978.839  1694.986  
0.603     8982.608  1689.483  
0.603     8985.863  1685.003  
0.604     8988.590  1681.611  
0.604     8990.661  1679.506  
0.605     8992.027  1678.572  
0.605     8992.706  1678.669  
0.606     8992.698  1679.661  
0.606     8992.079  1681.115  
0.607     8990.860  1682.698  
0.607     8989.051  1684.360  
0.608     8986.665  1685.950  
0.608     8983.688  1687.477  
0.609     8980.216  1689.045  
0.609     8976.128  1690.931  
0.610     8971.503  1693.504  
0.610     8966.274  1697.121  
0.611     8954.564  1708.193  
0.612     8941.361  1725.025  
0.613     8927.690  1745.854  
0.614     8915.146  1766.108  
0.615     8905.262  1780.922  
0.616     8899.187  1786.929  
0.617     8897.284  1783.478  
0.618     8899.010  1772.685  
0.619     8903.341  1757.947  
0.620     8908.837  1743.480  
0.621     8914.102  1733.119  
0.622     8920.157  1730.324  
0.623     8923.199  1737.523  
0.624     8926.118  1745.471  
0.626     8930.322  1746.810  
0.627     8936.506  1739.810  
0.628     8943.949  1729.674  
0.629     8951.752  1722.342  
0.630     8959.341  1718.757  
0.631     8966.800  1714.180  
0.633     8973.835  1704.722  
0.634     8979.654  1692.740  
0.635     8982.865  1685.929  
0.636     8982.713  1689.282  
0.637     8979.717  1700.334  
0.638     8975.311  1712.316  
0.639     8970.977  1720.083  
0.641     8967.627  1722.654  
0.642     8965.416  1722.132  
0.643     8964.107  1721.212  
0.644     8963.472  1720.816  
0.645     8963.333  1721.163  
0.646     8963.806  1722.492  
0.648     8965.080  1724.349  
0.649     8967.580  1724.182  
0.650     8971.428  1719.025  
0.651     8976.175  1708.772  
0.652     8980.512  1696.936  
0.653     8982.975  1688.710  
0.654     8983.034  1687.436  
0.655     8981.545  1690.563  
0.656     8978.618  1697.619  
0.657     8974.857  1706.815  
0.657     8970.667  1716.607  
0.658     8967.491  1723.244  
0.659     8964.700  1728.200  
0.659     8962.460  1730.844  
0.660     8960.782  1731.148  
0.661     8959.766  1729.394  
0.661     8959.176  1726.237  
0.662     8958.886  1722.533  
0.663     8958.702  1719.211  
0.663     8958.503  1716.854  
0.664     8958.141  1715.833  
0.664     8957.538  1716.179  
0.665     8956.698  1717.311  
0.666     8955.730  1718.506  
0.666     8954.596  1719.059  
0.667     8953.272  1718.795  
0.668     8951.747  1717.795  
0.668     8949.886  1716.445  
0.669     8947.669  1715.572  
0.669     8944.940  1716.110  
0.670     8941.665  1718.595  
0.671     8937.918  1723.042  
0.671     8933.789  1729.171  
0.672     8929.489  1736.241  
0.673     8925.218  1743.346  
0.673     8921.251  1749.615  
0.674     8917.789  1754.373  
0.675     8914.965  1757.237  
0.675     8912.915  1758.366  
0.676     8911.577  1758.087  
0.676     8910.964  1756.631  
0.677     8910.900  1754.610  
0.678     8911.340  1752.224  
0.678     8912.248  1749.694  
0.679     8913.432  1747.402  
0.680     8914.854  1745.657  
0.680     8916.406  1744.595  
0.681     8918.111  1744.148  
0.681     8919.965  1744.401  
0.682     8922.077  1744.786  
0.683     8924.420  1744.836  
0.683     8927.164  1743.778  
0.684     8930.286  1741.113  
0.685     8933.625  1736.833  
0.686     8939.137  1727.527  
0.687     8944.346  1718.138  
0.688     8948.446  1712.683  
0.689     8951.211  1713.411  
0.690     8953.297  1725.330  
0.690     8953.589  1727.489  
0.690     8953.869  1729.486  
0.691     8954.536  1733.600  
0.691     8955.580  1736.602  
0.692     8956.927  1738.502  
0.692     8958.617  1738.931  
0.693     8960.794  1737.490  
0.693     8963.490  1734.330  
0.694     8966.412  1729.816  
0.694     8969.777  1723.912  
0.694     8973.328  1717.045  
0.695     8976.995  1709.943  
0.695     8980.616  1702.785  
0.696     8984.149  1696.029  
0.696     8987.434  1690.066  
0.697     8990.315  1685.291  
0.697     8992.863  1681.465  
0.697     8994.933  1678.886  
0.698     8996.428  1677.648  
0.698     8997.478  1677.445  
0.699     8997.963  1678.311  
0.699     8997.961  1680.067  
0.700     8997.592  1682.292  
0.700     8996.823  1684.994  
0.701     8995.658  1688.003  
0.701     8994.209  1691.117  
0.701     8992.540  1694.158  
0.702     8990.729  1697.059  
0.702     8988.788  1699.661  
0.703     8986.623  1702.378  
0.703     8983.949  1705.496  
0.703     8983.615  1705.852  
0.703     8983.286  1706.216  
0.704     8982.613  1706.996  
0.704     8981.542  1708.249  
0.704     8980.485  1709.440  
0.704     8979.405  1710.731  
0.704     8978.338  1711.998  
0.705     8977.272  1713.363  
0.705     8976.263  1714.642  
0.705     8975.210  1716.139  
0.705     8974.283  1717.408  
0.706     8973.271  1718.922  
0.706     8972.341  1720.381  
0.706     8971.493  1721.711  
0.706     8970.676  1723.129  
0.706     8969.845  1724.584  
0.707     8969.190  1725.731  
0.707     8968.486  1727.041  
0.707     8967.874  1728.193  
0.707     8967.404  1729.049  
0.707     8966.902  1730.052  
0.708     8966.597  1730.563  
0.708     8966.265  1731.114  
0.708     8966.070  1731.376  
0.708     8966.007  1731.336  
0.709     8965.957  1731.272  
0.709     8965.994  1730.843  
0.709     8966.125  1730.268  
0.709     8966.409  1729.406  
0.709     8966.642  1728.437  
0.710     8966.990  1727.236  
0.710     8967.451  1725.790  
0.710     8967.934  1724.292  
0.710     8968.469  1722.718  
0.710     8969.035  1720.942  
0.711     8969.621  1719.154  
0.711     8970.313  1717.275  
0.711     8970.924  1715.499  
0.711     8971.652  1713.523  
0.712     8972.275  1711.828  
0.712     8972.951  1709.914  
0.712     8973.574  1708.304  
0.712     8974.210  1706.658  
0.712     8974.836  1704.957  
0.713     8975.370  1703.628  
0.713     8975.881  1702.323  
0.713     8976.354  1700.970  
0.713     8976.720  1699.970  
0.713     8977.097  1698.916  
0.714     8977.387  1697.979  
0.714     8977.580  1697.251  
0.714     8977.755  1696.487  
0.714     8977.831  1695.797  
0.715     8977.766  1695.438  
0.715     8977.723  1694.888  
0.715     8977.529  1694.570  
0.715     8977.252  1694.397  
0.715     8976.903  1694.156  
0.716     8976.428  1694.129  
0.716     8975.903  1694.217  
0.716     8975.304  1694.232  
0.716     8974.518  1694.609  
0.716     8973.686  1694.997  
0.717     8972.796  1695.518  
0.717     8971.766  1696.299  
0.717     8970.583  1697.240  
0.717     8969.409  1698.221  
0.718     8968.122  1699.517  
0.718     8966.733  1701.098  
0.718     8965.272  1702.754  
0.718     8963.684  1704.745  
0.718     8962.073  1707.017  
0.719     8960.408  1709.412  
0.719     8958.659  1712.054  
0.719     8956.840  1715.039  
0.719     8955.045  1718.104  
0.720     8953.186  1721.359  
0.720     8951.288  1724.785  
0.720     8949.453  1728.304  
0.720     8947.619  1731.823  
0.720     8945.797  1735.433  
0.721     8944.095  1738.918  
0.721     8942.384  1742.308  
0.721     8940.755  1745.701  
0.721     8939.269  1748.716  
0.721     8937.856  1751.605  
0.722     8936.562  1754.192  
0.722     8935.393  1756.459  
0.722     8934.372  1758.287  
0.722     8933.494  1759.859  
0.723     8932.776  1760.972  
0.723     8932.168  1761.625  
0.723     8931.796  1761.879  
0.723     8931.554  1761.657  
0.723     8931.395  1761.123  
0.724     8931.498  1760.067  
0.724     8931.755  1758.554  
0.724     8932.051  1756.837  
0.724     8932.535  1754.676  
0.724     8933.209  1752.114  
0.725     8933.904  1749.412  
0.725     8934.704  1746.410  
0.725     8935.590  1743.182  
0.725     8936.552  1739.824  
0.726     8937.572  1736.407  
0.726     8938.587  1732.821  
0.726     8939.639  1729.388  
0.726     8940.683  1725.916  
0.726     8941.686  1722.564  
0.727     8942.674  1719.426  
0.727     8943.619  1716.452  
0.727     8944.504  1713.696  
0.727     8945.239  1711.358  
0.727     8945.989  1709.246  
0.728     8946.584  1707.568  
0.728     8947.090  1706.260  
0.728     8947.475  1705.348  
0.728     8947.715  1704.928  
0.729     8947.952  1704.718  
0.729     8947.930  1705.216  
0.729     8947.847  1705.969  
0.729     8947.685  1706.990  
0.729     8947.360  1708.452  
0.730     8946.920  1710.352  
0.730     8946.511  1712.135  
0.730     8945.889  1714.375  
0.730     8945.229  1716.746  
0.730     8944.561  1719.058  
0.731     8943.802  1721.509  
0.731     8943.017  1723.972  
0.731     8942.178  1726.428  
0.731     8941.368  1728.596  
0.732     8940.553  1730.722  
0.732     8939.694  1732.809  
0.732     8938.961  1734.444  
0.732     8938.156  1736.116  
0.732     8937.350  1737.547  
0.733     8936.694  1738.589  
0.733     8936.050  1739.622  
0.733     8935.377  1740.333  
0.733     8934.783  1740.840  
0.734     8934.255  1741.144  
0.734     8933.785  1741.291  
0.734     8933.339  1741.168  
0.734     8932.931  1741.046  
0.734     8932.578  1740.626  
0.735     8932.239  1740.178  
0.735     8931.972  1739.577  
0.735     8931.732  1738.837  
0.735     8931.507  1738.070  
0.735     8931.332  1737.281  
0.736     8931.157  1736.346  
0.736     8930.946  1735.574  
0.736     8930.849  1734.660  
0.736     8930.688  1733.807  
0.737     8930.508  1733.123  
0.737     8930.357  1732.286  
0.737     8930.169  1731.752  
0.737     8929.964  1731.197  
0.737     8929.744  1730.776  
0.738     8929.493  1730.559  
0.738     8929.250  1730.259  
0.738     8928.909  1730.300  
0.738     8928.586  1730.442  
0.738     8928.256  1730.555  
0.739     8927.844  1730.975  
0.739     8927.436  1731.521  
0.739     8927.040  1732.082  
0.739     8926.541  1732.958  
0.740     8926.058  1733.864  
0.740     8925.543  1734.977  
0.740     8925.009  1736.186  
0.740     8924.510  1737.505  
0.740     8923.981  1738.906  
0.741     8923.447  1740.418  
0.741     8922.942  1741.994  
0.741     8922.511  1743.498  
0.741     8922.001  1745.222  
0.741     8921.564  1746.849  
0.742     8921.240  1748.310  
0.742     8920.850  1749.876  
0.742     8920.596  1751.164  
0.742     8920.368  1752.483  
0.743     8920.271  1753.468  
0.743     8920.203  1754.345  
0.743     8920.229  1754.970  
0.743     8920.398  1755.311  
0.743     8920.566  1755.577  
0.744     8920.872  1755.494  
0.744     8921.279  1755.093  
0.744     8921.709  1754.756  
0.744     8922.330  1753.793  
0.744     8922.990  1752.741  
0.745     8923.714  1751.672  
0.745     8924.575  1750.162  
0.745     8925.402  1748.708  
0.745     8926.361  1747.024  
0.746     8927.385  1745.272  
0.746     8928.488  1743.434  
0.746     8929.574  1741.571  
0.746     8930.690  1739.739  
0.746     8931.871  1737.887  
0.747     8933.106  1736.075  
0.747     8934.301  1734.424  
0.747     8935.548  1732.762  
0.747     8936.751  1731.266  
0.748     8937.966  1729.946  
0.748     8939.201  1728.674  
0.748     8940.420  1727.608  
0.748     8941.624  1726.627  
0.748     8942.794  1725.783  
0.749     8943.991  1725.104  
0.749     8945.171  1724.512  
0.749     8946.263  1724.125  
0.749     8947.445  1723.630  
0.749     8948.519  1723.482  
0.750     8949.624  1723.257  
0.750     8950.751  1723.039  
0.750     8951.822  1723.091  
0.750     8952.889  1722.916  
0.751     8953.934  1722.984  
0.751     8955.079  1722.848  
0.751     8956.165  1722.789  
0.751     8957.196  1722.784  
0.751     8958.337  1722.475  
0.752     8959.415  1722.398  
0.752     8960.615  1721.999  
0.752     8961.758  1721.550  
0.752     8962.859  1721.166  
0.752     8964.090  1720.413  
0.753     8965.252  1719.681  
0.753     8966.476  1718.774  
0.753     8967.699  1717.715  
0.753     8968.925  1716.453  
0.754     8970.192  1715.090  
0.754     8971.459  1713.574  
0.754     8972.663  1711.968  
0.754     8973.925  1710.166  
0.754     8975.205  1708.233  
0.755     8976.378  1706.383  
0.755     8977.572  1704.304  
0.755     8978.758  1702.221  
0.755     8979.908  1700.171  
0.755     8980.977  1698.002  
0.756     8981.931  1696.179  
0.756     8982.935  1694.198  
0.756     8983.814  1692.427  
0.756     8984.594  1690.827  
0.757     8985.300  1689.361  
0.757     8985.903  1688.139  
0.757     8986.454  1686.986  
0.757     8986.840  1686.355  
0.757     8987.185  1685.749  
0.758     8987.409  1685.429  
0.758     8987.428  1685.640  
0.758     8987.458  1685.829  
0.758     8987.366  1686.502  
0.758     8987.123  1687.428  
0.759     8986.798  1688.665  
0.759     8986.393  1690.101  
0.759     8985.890  1691.879  
0.759     8985.336  1693.834  
0.760     8984.677  1696.040  
0.760     8983.945  1698.410  
0.760     8983.220  1700.824  
0.760     8982.477  1703.384  
0.760     8981.627  1706.064  
0.761     8980.817  1708.584  
0.761     8980.001  1711.178  
0.761     8979.208  1713.590  
0.761     8978.444  1715.889  
0.762     8977.683  1717.983  
0.762     8976.961  1719.919  
0.762     8976.349  1721.507  
0.762     8975.723  1722.893  
0.762     8975.221  1723.962  
0.763     8974.743  1724.741  
0.763     8974.384  1725.121  
0.763     8974.052  1725.267  
0.763     8973.852  1725.146  
0.763     8973.728  1724.635  
0.764     8973.565  1724.006  
0.764     8973.550  1723.083  
0.764     8973.591  1721.961  
0.764     8973.687  1720.656  
0.765     8973.864  1719.190  
0.765     8974.020  1717.689  
0.765     8974.204  1716.192  
0.765     8974.468  1714.475  
0.765     8974.712  1712.992  
0.766     8974.992  1711.422  
0.766     8975.212  1709.985  
0.766     8975.484  1708.581  
0.766     8975.701  1707.406  
0.766     8975.916  1706.314  
0.767     8976.108  1705.334  
0.767     8976.247  1704.684  
0.767     8976.381  1704.107  
0.767     8976.475  1703.680  
0.768     8976.455  1703.615  
0.768     8976.487  1703.567  
0.768     8976.465  1703.741  
0.768     8976.322  1704.218  
0.768     8976.232  1704.635  
0.769     8976.112  1705.223  
0.769     8975.843  1706.156  
0.769     8975.680  1706.863  
0.769     8975.475  1707.718  
0.769     8975.179  1708.716  
0.770     8974.909  1709.577  
0.770     8974.604  1710.562  
0.770     8974.338  1711.381  
0.770     8974.045  1712.185  
0.771     8973.714  1713.036  
0.771     8973.481  1713.589  
0.771     8973.210  1714.147  
0.771     8972.859  1714.862  
0.771     8972.661  1715.096  
0.772     8972.402  1715.451  
0.772     8972.104  1715.847  
0.772     8971.953  1715.905  
0.772     8971.736  1716.048  
0.772     8971.506  1716.196  
0.773     8971.369  1716.116  
0.773     8971.223  1716.136  
0.773     8971.026  1716.129  
0.773     8970.901  1716.002  
0.774     8970.811  1715.876  
0.774     8970.671  1715.820  
0.774     8970.600  1715.564  
0.774     8970.469  1715.492  
0.774     8970.408  1715.264  
0.775     8970.382  1715.028  
0.775     8970.248  1714.946  
0.775     8970.219  1714.639  
0.775     8970.132  1714.516  
0.776     8970.106  1714.291  
0.776     8970.064  1714.088  
0.776     8969.983  1714.017  
0.776     8969.927  1713.793  
0.776     8969.880  1713.668  
0.777     8969.775  1713.705  
0.777     8969.731  1713.595  
0.777     8969.688  1713.539  
0.777     8969.550  1713.628  
0.777     8969.507  1713.540  
0.778     8969.452  1713.535  
0.778     8969.302  1713.667  
0.778     8969.239  1713.538  
0.778     8969.109  1713.678  
0.779     8969.029  1713.657  
0.779     8968.914  1713.538  
0.779     8968.737  1713.514  
0.779     8968.649  1713.318  
0.779     8968.498  1713.207  
0.780     8968.368  1712.909  
0.780     8968.182  1712.659  
0.780     8967.998  1712.395  
0.780     8967.829  1711.956  
0.780     8967.621  1711.553  
0.781     8967.383  1711.141  
0.781     8967.088  1710.834  
0.781     8966.841  1710.272  
0.781     8966.516  1709.960  
0.782     8966.157  1709.645  
0.782     8965.768  1709.313  
0.782     8965.361  1709.152  
0.782     8964.866  1709.097  
0.782     8964.363  1709.059  
0.783     8963.801  1709.183  
0.783     8963.162  1709.545  
0.783     8962.585  1709.751  
0.783     8961.821  1710.384  
0.783     8961.076  1711.012  
0.784     8960.293  1711.755  
0.784     8959.417  1712.724  
0.784     8958.554  1713.603  
0.784     8957.661  1714.678  
0.785     8956.712  1715.774  
0.785     8955.701  1716.970  
0.785     8954.724  1718.160  
0.785     8953.681  1719.472  
0.785     8952.679  1720.527  
0.786     8951.560  1721.908  
0.786     8950.482  1723.131  
0.786     8949.442  1724.185  
0.786     8948.307  1725.414  
0.786     8947.226  1726.500  
0.787     8946.219  1727.455  
0.787     8945.064  1728.541  
0.787     8943.945  1729.537  
0.787     8942.908  1730.428  
0.788     8941.912  1731.210  
0.788     8940.792  1732.239  
0.788     8939.798  1732.950  
0.788     8938.813  1733.717  
0.788     8937.792  1734.594  
0.789     8936.826  1735.424  
0.789     8935.912  1736.068  
0.789     8934.943  1736.978  
0.789     8934.063  1737.735  
0.790     8933.194  1738.540  
0.790     8932.360  1739.315  
0.790     8931.533  1740.091  
0.790     8930.746  1740.913  
0.790     8930.001  1741.666  
0.791     8929.301  1742.415  
0.791     8928.624  1743.064  
0.791     8928.013  1743.769  
0.791     8927.459  1744.247  
0.791     8926.942  1744.763  
0.792     8926.452  1745.194  
0.792     8926.062  1745.421  
0.792     8925.644  1745.746  
0.792     8925.347  1745.815  
0.793     8925.030  1745.801  
0.793     8924.856  1745.659  
0.793     8924.640  1745.499  
0.793     8924.489  1745.175  
0.793     8924.382  1744.759  
0.794     8924.302  1744.264  
0.794     8924.322  1743.675  
0.794     8924.323  1743.098  
0.794     8924.368  1742.363  
0.794     8924.427  1741.699  
0.795     8924.530  1740.999  
0.795     8924.674  1740.286  
0.795     8924.731  1739.739  
0.795     8924.936  1738.956  
0.796     8925.061  1738.511  
0.796     8925.213  1737.936  
0.796     8925.378  1737.460  
0.796     8925.542  1737.056  
0.796     8925.687  1736.643  
0.797     8925.798  1736.292  
0.797     8925.998  1735.871  
0.797     8926.146  1735.573  
0.797     8926.207  1735.254  
0.797     8926.400  1734.804  
0.798     8926.520  1734.359  
0.798     8926.575  1734.067  
0.798     8926.732  1733.476  
0.798     8926.750  1733.147  
0.799     8926.853  1732.721  
0.799     8926.908  1732.260  
0.799     8926.796  1732.109  
0.799     8926.864  1731.737  
0.799     8926.858  1731.604  
0.800     8926.693  1731.751  
0.800     8926.654  1731.705  
0.800     8926.505  1732.142  
0.800     8926.390  1732.576  
0.800     8926.220  1733.210  
0.801     8925.944  1734.204  
0.801     8925.790  1735.109  
0.801     8925.542  1736.438  
0.801     8925.287  1737.775  
0.802     8925.104  1739.188  
0.802     8924.852  1740.855  
0.802     8924.672  1742.456  
0.802     8924.515  1744.152  
0.802     8924.355  1745.900  
0.803     8924.281  1747.494  
0.803     8924.234  1749.116  
0.803     8924.269  1750.586  
0.803     8924.428  1751.818  
0.804     8924.561  1753.076  
0.804     8924.849  1753.942  
0.804     8925.245  1754.693  
0.804     8925.698  1755.237  
0.804     8926.277  1755.398  
0.805     8926.936  1755.427  
0.805     8927.774  1755.087  
0.805     8928.667  1754.505  
0.805     8929.617  1753.700  
0.805     8930.770  1752.551  
0.806     8932.040  1751.092  
0.806     8933.305  1749.555  
0.806     8934.735  1747.571  
0.806     8936.185  1745.594  
0.807     8937.824  1743.229  
0.807     8939.459  1740.839  
0.807     8941.093  1738.361  
0.807     8942.905  1735.516  
0.807     8944.641  1732.934  
0.808     8946.542  1730.057  
0.808     8948.363  1727.308  
0.808     8950.168  1724.621  
0.808     8952.071  1721.894  
0.808     8953.944  1719.283  
0.809     8955.730  1716.908  
0.809     8957.515  1714.662  
0.809     8959.337  1712.331  
0.809     8961.008  1710.505  
0.810     8962.697  1708.773  
0.810     8964.343  1707.108  
0.810     8965.839  1705.837  
0.810     8967.376  1704.546  
0.810     8968.804  1703.522  
0.811     8970.202  1702.536  
0.811     8971.483  1701.806  
0.811     8972.717  1701.024  
0.811     8973.930  1700.274  
0.811     8975.001  1699.794  
0.812     8976.081  1699.058  
0.812     8977.057  1698.340  
0.812     8977.886  1697.828  
0.812     8978.839  1696.864  
0.813     8979.594  1696.112  
0.813     8980.234  1695.275  
0.813     8980.890  1694.230  
0.813     8981.418  1693.260  
0.813     8981.892  1692.148  
0.814     8982.267  1691.018  
0.814     8982.541  1689.954  
0.814     8982.718  1688.877  
0.814     8982.775  1687.903  
0.814     8982.760  1687.013  
0.815     8982.595  1686.319  
0.815     8982.368  1685.695  
0.815     8981.936  1685.465  
0.815     8981.451  1685.429  
0.816     8980.797  1685.716  
0.816     8980.039  1686.372  
0.816     8979.157  1687.282  
0.816     8978.110  1688.687  
0.816     8977.004  1690.389  
0.817     8975.747  1692.426  
0.817     8974.413  1694.899  
0.817     8972.963  1697.553  
0.817     8971.382  1700.604  
0.818     8969.824  1703.776  
0.818     8968.168  1707.195  
0.818     8966.485  1710.703  
0.818     8964.699  1714.329  
0.818     8962.897  1718.014  
0.819     8961.180  1721.474  
0.819     8959.437  1725.041  
0.819     8957.719  1728.237  
0.819     8956.034  1731.370  
0.819     8954.408  1734.171  
0.820     8952.876  1736.748  
0.820     8951.400  1739.082  
0.820     8950.044  1740.903  
0.820     8948.684  1742.640  
0.821     8947.521  1743.874  
0.821     8946.473  1744.780  
0.821     8945.418  1745.559  
0.821     8944.585  1745.701  
0.821     8943.767  1745.909  
0.822     8943.095  1745.779  
0.822     8942.546  1745.231  
0.822     8941.979  1744.805  
0.822     8941.673  1743.922  
0.822     8941.343  1743.142  
0.823     8941.099  1742.194  
0.823     8940.958  1741.164  
0.823     8940.851  1740.200  
0.823     8940.854  1739.091  
0.824     8940.853  1738.253  
0.824     8940.940  1737.294  
0.824     8941.091  1736.425  
0.824     8941.240  1735.716  
0.824     8941.456  1735.122  
0.825     8941.690  1734.555  
0.825     8941.937  1734.177  
0.825     8942.229  1733.971  
0.825     8942.574  1733.686  
0.825     8942.913  1733.706  
0.826     8943.313  1733.657  
0.826     8943.712  1733.744  
0.826     8944.188  1733.839  
0.826     8944.684  1733.913  
0.827     8945.164  1734.200  
0.827     8945.781  1734.263  
0.827     8946.351  1734.506  
0.827     8946.970  1734.639  
0.827     8947.708  1734.653  
0.828     8948.438  1734.729  
0.828     8949.235  1734.725  
0.828     8950.087  1734.625  
0.828     8950.967  1734.442  
0.828     8951.943  1734.223  
0.829     8953.032  1733.798  
0.829     8954.040  1733.553  
0.829     8955.251  1732.908  
0.829     8956.406  1732.395  
0.830     8957.700  1731.680  
0.830     8959.077  1730.783  
0.830     8960.372  1730.082  
0.830     8961.910  1728.926  
0.830     8963.398  1727.850  
0.831     8964.963  1726.609  
0.831     8966.586  1725.194  
0.831     8968.236  1723.764  
0.831     8969.992  1722.115  
0.832     8971.769  1720.324  
0.832     8973.530  1718.542  
0.832     8975.421  1716.444  
0.832     8977.276  1714.400  
0.832     8979.170  1712.227  
0.833     8981.077  1710.005  
0.833     8982.992  1707.615  
0.833     8984.913  1705.270  
0.833     8986.832  1702.938  
0.833     8988.754  1700.500  
0.834     8990.628  1698.133  
0.834     8992.470  1695.813  
0.834     8994.300  1693.550  
0.834     8996.090  1691.398  
0.835     8997.858  1689.144  
0.835     8999.446  1687.317  
0.835     9001.091  1685.342  
0.835     9002.706  1683.405  
0.835     9004.118  1681.847  
0.836     9005.519  1680.209  
0.836     9006.817  1678.814  
0.836     9008.104  1677.332  
0.836     9009.217  1676.138  
0.836     9010.229  1675.065  
0.837     9011.219  1674.006  
0.837     9012.045  1673.077  
0.837     9012.817  1672.245  
0.837     9013.495  1671.548  
0.838     9014.013  1670.865  
0.838     9014.443  1670.327  
0.838     9014.762  1669.978  
0.838     9015.058  1669.487  
0.838     9015.158  1669.196  
0.839     9015.082  1669.141  
0.839     9015.068  1668.824  
0.839     9014.801  1668.872  
0.839     9014.451  1668.832  
0.839     9014.006  1668.891  
0.840     9013.427  1668.986  
0.840     9012.740  1669.136  
0.840     9011.892  1669.360  
0.840     9010.959  1669.628  
0.841     9009.913  1669.865  
0.841     9008.748  1670.232  
0.841     9007.403  1670.741  
0.841     9005.997  1671.098  
0.841     9004.392  1671.832  
0.842     9002.708  1672.499  
0.842     9000.896  1673.235  
0.842     8998.874  1674.366  
0.842     8996.830  1675.386  
0.842     8994.547  1676.737  
0.843     8992.182  1678.236  
0.843     8989.683  1679.975  
0.843     8987.057  1681.862  
0.843     8984.306  1684.040  
0.844     8981.397  1686.554  
0.844     8978.401  1689.157  
0.844     8975.230  1692.246  
0.844     8972.053  1695.423  
0.844     8968.722  1698.907  
0.845     8965.288  1702.751  
0.845     8961.766  1706.898  
0.845     8958.233  1711.070  
0.845     8954.601  1715.728  
0.846     8950.943  1720.569  
0.846     8947.286  1725.472  
0.846     8943.568  1730.740  
0.846     8939.935  1735.961  
0.846     8936.331  1741.343  
0.847     8932.729  1746.750  
0.847     8929.212  1752.186  
0.847     8925.850  1757.444  
0.847     8922.569  1762.645  
0.847     8919.382  1767.703  
0.848     8916.407  1772.434  
0.848     8913.610  1776.823  
0.848     8910.950  1780.952  
0.848     8908.596  1784.547  
0.849     8906.398  1787.706  
0.849     8904.432  1790.427  
0.849     8902.766  1792.517  
0.849     8901.355  1794.016  
0.849     8900.158  1795.036  
0.850     8899.233  1795.465  
0.850     8898.664  1795.118  
0.850     8898.218  1794.527  
0.850     8898.132  1793.120  
0.850     8898.235  1791.338  
0.851     8898.593  1789.044  
0.851     8899.169  1786.236  
0.851     8899.964  1783.111  
0.851     8900.969  1779.634  
0.852     8902.159  1775.762  
0.852     8903.436  1771.760  
0.852     8904.935  1767.494  
0.852     8906.511  1763.166  
0.852     8908.181  1758.730  
0.853     8909.951  1754.320  
0.853     8911.743  1750.005  
0.853     8913.589  1745.790  
0.853     8915.442  1741.760  
0.853     8917.289  1737.925  
0.854     8919.129  1734.386  
0.854     8920.928  1731.144  
0.854     8922.725  1728.186  
0.854     8924.386  1725.596  
0.855     8926.005  1723.416  
0.855     8927.578  1721.492  
0.855     8929.030  1720.134  
0.855     8930.459  1718.794  
0.855     8931.650  1718.058  
0.856     8932.881  1717.547  
0.856     8934.066  1717.055  
0.856     8934.984  1717.256  
0.856     8935.907  1717.399  
0.856     8936.870  1717.566  
0.857     8937.499  1718.333  
0.857     8938.298  1718.690  
0.857     8938.939  1719.470  
0.857     8939.425  1720.397  
0.858     8940.030  1720.982  
0.858     8940.423  1722.062  
0.858     8940.868  1722.933  
0.858     8941.260  1723.808  
0.858     8941.604  1724.791  
0.859     8941.932  1725.753  
0.859     8942.199  1726.742  
0.859     8942.548  1727.587  
0.859     8942.811  1728.550  
0.860     8943.123  1729.396  
0.860     8943.415  1730.187  
0.860     8943.724  1730.943  
0.860     8944.004  1731.738  
0.860     8944.437  1732.226  
0.861     8944.761  1732.797  
0.861     8945.143  1733.221  
0.861     8945.632  1733.377  
0.861     8946.052  1733.615  
0.861     8946.587  1733.501  
0.862     8947.164  1733.233  
0.862     8947.730  1732.882  
0.862     8948.397  1732.232  
0.862     8949.051  1731.419  
0.863     8949.725  1730.540  
0.863     8950.505  1729.266  
0.863     8951.240  1727.946  
0.863     8952.033  1726.466  
0.863     8952.839  1724.781  
0.864     8953.578  1723.095  
0.864     8954.465  1721.139  
0.864     8955.244  1719.258  
0.864     8956.021  1717.291  
0.864     8956.783  1715.264  
0.865     8957.491  1713.318  
0.865     8958.214  1711.380  
0.865     8958.821  1709.607  
0.865     8959.373  1707.899  
0.866     8959.936  1706.262  
0.866     8960.310  1704.955  
0.866     8960.695  1703.638  
0.866     8960.956  1702.665  
0.866     8961.083  1701.955  
0.867     8961.193  1701.292  
0.867     8961.146  1701.084  
0.867     8961.071  1700.980  
0.867     8960.792  1701.298  
0.867     8960.491  1701.714  
0.868     8960.044  1702.552  
0.868     8959.530  1703.610  
0.868     8958.979  1704.769  
0.868     8958.236  1706.434  
0.869     8957.469  1708.108  
0.869     8956.593  1710.151  
0.869     8955.687  1712.343  
0.869     8954.765  1714.542  
0.869     8953.690  1717.127  
0.870     8952.703  1719.583  
0.870     8951.637  1722.229  
0.870     8950.521  1724.901  
0.870     8949.498  1727.449  
0.870     8948.436  1730.081  
0.871     8947.391  1732.555  
0.871     8946.400  1734.935  
0.871     8945.479  1737.154  
0.871     8944.565  1739.174  
0.872     8943.747  1741.010  
0.872     8942.983  1742.625  
0.872     8942.325  1744.002  
0.872     8941.787  1744.962  
0.872     8941.232  1745.866  
0.873     8940.857  1746.337  
0.873     8940.575  1746.543  
0.873     8940.354  1746.494  
0.873     8940.251  1746.062  
0.874     8940.238  1745.477  
0.874     8940.318  1744.522  
0.874     8940.468  1743.359  
0.874     8940.713  1741.969  
0.874     8941.017  1740.333  
0.875     8941.383  1738.547  
0.875     8941.839  1736.510  
0.875     8942.275  1734.559  
0.875     8942.825  1732.257  
0.875     8943.288  1730.124  
0.876     8943.811  1727.884  
0.876     8944.426  1725.563  
0.876     8944.945  1723.271  
0.876     8945.351  1721.249  
0.877     8945.921  1719.097  
0.877     8946.347  1717.179  
0.877     8946.655  1715.478  
0.877     8946.960  1713.888  
0.877     8947.244  1712.482  
0.878     8947.416  1711.325  
0.878     8947.441  1710.532  
0.878     8947.443  1709.744  
0.878     8947.329  1709.453  
0.878     8947.180  1709.323  
0.879     8946.849  1709.477  
0.879     8946.493  1709.930  
0.879     8945.975  1710.767  
0.879     8945.469  1711.601  
0.880     8944.769  1713.071  
0.880     8943.998  1714.668  
0.880     8943.282  1716.299  
0.880     8942.356  1718.543  
0.880     8941.386  1720.849  
0.881     8940.434  1723.301  
0.881     8939.403  1725.981  
0.881     8938.345  1728.888  
0.881     8937.336  1731.742  
0.881     8936.229  1734.845  
0.882     8935.186  1737.814  
0.882     8934.233  1740.788  
0.882     8933.243  1743.815  
0.882     8932.353  1746.577  
0.883     8931.536  1749.243  
0.883     8930.802  1751.758  
0.883     8930.145  1754.080  
0.883     8929.653  1755.978  
0.883     8929.221  1757.696  
0.884     8928.964  1759.140  
0.884     8928.843  1760.137  
0.884     8928.795  1760.852  
0.884     8928.937  1761.285  
0.884     8929.265  1761.265  
0.885     8929.703  1760.948  
0.885     8930.262  1760.386  
0.885     8931.018  1759.401  
0.885     8931.868  1758.253  
0.886     8932.916  1756.723  
0.886     8934.070  1755.005  
0.886     8935.325  1753.168  
0.886     8936.760  1750.974  
0.886     8938.242  1748.713  
0.887     8939.846  1746.342  
0.887     8941.549  1743.850  
0.887     8943.371  1741.113  
0.887     8945.218  1738.476  
0.888     8947.160  1735.616  
0.888     8949.127  1732.714  
0.888     8951.135  1729.913  
0.888     8953.226  1726.878  
0.888     8955.295  1723.866  
0.889     8957.342  1720.916  
0.889     8959.452  1717.973  
0.889     8961.613  1714.929  
0.889     8963.595  1712.142  
0.889     8965.569  1709.470  
0.890     8967.682  1706.622  
0.890     8969.543  1704.301  
0.890     8971.451  1702.018  
0.890     8973.286  1699.946  
0.891     8974.974  1698.230  
0.891     8976.661  1696.690  
0.891     8978.251  1695.560  
0.891     8979.804  1694.580  
0.891     8981.209  1694.020  
0.892     8982.523  1693.812  
0.892     8983.859  1693.667  
0.892     8985.050  1693.963  
0.892     8986.144  1694.430  
0.892     8987.263  1694.959  
0.893     8988.276  1695.749  
0.893     8989.210  1696.641  
0.893     8990.200  1697.380  
0.893     8991.057  1698.316  
0.894     8991.909  1699.090  
0.894     8992.779  1699.712  
0.894     8993.624  1700.350  
0.894     8994.476  1700.745  
0.894     8995.243  1700.944  
0.895     8996.076  1700.978  
0.895     8996.915  1700.949  
0.895     8997.831  1700.510  
0.895     8998.631  1700.104  
0.895     8999.425  1699.502  
0.896     9000.376  1698.559  
0.896     9001.197  1697.822  
0.896     9002.081  1696.775  
0.896     9002.992  1695.534  
0.897     9003.827  1694.532  
0.897     9004.699  1693.299  
0.897     9005.552  1691.970  
0.897     9006.355  1690.764  
0.897     9007.188  1689.398  
0.898     9007.939  1688.126  
0.898     9008.691  1686.765  
0.898     9009.435  1685.355  
0.898     9010.067  1683.982  
0.898     9010.714  1682.521  
0.899     9011.279  1681.103  
0.899     9011.867  1679.560  
0.899     9012.288  1678.136  
0.899     9012.629  1676.677  
0.900     9012.957  1675.168  
0.900     9013.173  1673.884  
0.900     9013.341  1672.398  
0.900     9013.317  1671.135  
0.900     9013.207  1670.043  
0.901     9013.081  1668.871  
0.901     9012.718  1668.095  
0.901     9012.252  1667.414  
0.901     9011.766  1666.798  
0.902     9010.963  1666.709  
0.902     9010.166  1666.510  
0.902     9009.179  1666.785  
0.902     9008.028  1667.365  
0.902     9006.779  1668.039  
0.903     9005.341  1669.184  
0.903     9003.760  1670.595  
0.903     9002.110  1672.076  
0.903     9000.209  1674.160  
0.903     8998.269  1676.201  
0.904     8996.158  1678.645  
0.904     8993.916  1681.287  
0.904     8991.611  1684.031  
0.904     8989.178  1686.973  
0.905     8986.637  1690.156  
0.905     8984.026  1693.356  
0.905     8981.356  1696.535  
0.905     8978.516  1700.132  
0.905     8975.811  1703.301  
0.906     8972.955  1706.758  
0.906     8970.019  1710.153  
0.906     8967.144  1713.369  
0.906     8964.209  1716.741  
0.906     8961.302  1719.797  
0.907     8958.341  1723.014  
0.907     8955.504  1725.883  
0.907     8952.625  1728.797  
0.907     8949.719  1731.688  
0.908     8946.917  1734.273  
0.908     8944.156  1737.030  
0.908     8941.469  1739.605  
0.908     8938.818  1741.986  
0.908     8936.160  1744.600  
0.909     8933.706  1747.057  
0.909     8931.309  1749.363  
0.909     8928.859  1751.905  
0.909     8926.634  1754.251  
0.909     8924.546  1756.591  
0.910     8922.466  1758.932  
0.910     8920.534  1761.177  
0.910     8918.755  1763.285  
0.910     8917.054  1765.526  
0.911     8915.562  1767.339  
0.911     8914.124  1769.124  
0.911     8912.899  1770.755  
0.911     8911.846  1772.062  
0.911     8910.897  1773.161  
0.912     8910.145  1773.959  
0.912     8909.561  1774.559  
0.912     8909.205  1774.574  
0.912     8908.872  1774.567  
0.912     8908.841  1774.054  
0.913     8908.998  1773.246  
0.913     8909.193  1772.234  
0.913     8909.568  1770.862  
0.913     8910.176  1769.228  
0.914     8910.913  1767.410  
0.914     8911.705  1765.370  
0.914     8912.630  1763.193  
0.914     8913.721  1760.843  
0.914     8914.929  1758.371  
0.915     8916.165  1755.920  
0.915     8917.509  1753.379  
0.915     8918.893  1750.852  
0.915     8920.418  1748.253  
0.916     8921.918  1745.866  
0.916     8923.488  1743.402  
0.916     8925.120  1740.961  
0.916     8926.655  1738.848  
0.916     8928.300  1736.696  
0.917     8930.013  1734.534  
0.917     8931.569  1732.783  
0.917     8933.197  1730.943  
0.917     8934.843  1729.241  
0.917     8936.416  1727.799  
0.918     8938.025  1726.313  
0.918     8939.539  1725.123  
0.918     8941.060  1723.913  
0.918     8942.546  1722.853  
0.919     8943.995  1721.986  
0.919     8945.425  1721.080  
0.919     8946.810  1720.351  
0.919     8948.153  1719.723  
0.919     8949.481  1719.142  
0.920     8950.778  1718.587  
0.920     8952.047  1718.136  
0.920     8953.227  1717.774  
0.920     8954.434  1717.382  
0.920     8955.603  1716.966  
0.921     8956.706  1716.758  
0.921     8957.832  1716.273  
0.921     8958.933  1715.884  
0.921     8959.959  1715.603  
0.922     8961.019  1715.047  
0.922     8962.026  1714.537  
0.922     8962.974  1714.109  
0.922     8963.997  1713.325  
0.922     8964.892  1712.685  
0.923     8965.785  1711.977  
0.923     8966.718  1710.911  
0.923     8967.537  1710.021  
0.923     8968.439  1708.862  
0.923     8969.199  1707.715  
0.924     8969.968  1706.426  
0.924     8970.653  1705.056  
0.924     8971.343  1703.541  
0.924     8971.940  1702.098  
0.925     8972.501  1700.403  
0.925     8972.931  1698.824  
0.925     8973.372  1697.032  
0.925     8973.678  1695.293  
0.925     8973.877  1693.535  
0.926     8974.002  1691.780  
0.926     8974.006  1690.084  
0.926     8973.890  1688.424  
0.926     8973.605  1686.910  
0.926     8973.182  1685.618  
0.927     8972.682  1684.351  
0.927     8971.961  1683.400  
0.927     8971.083  1682.765  
0.927     8970.031  1682.429  
0.928     8968.806  1682.331  
0.928     8967.356  1682.908  
0.928     8965.786  1683.694  
0.928     8964.053  1685.003  
0.928     8962.028  1686.885  
0.929     8959.909  1689.143  
0.929     8957.660  1691.966  
0.929     8955.167  1695.369  
0.929     8952.545  1699.116  
0.930     8949.789  1703.414  
0.930     8946.947  1708.078  
0.930     8943.945  1713.214  
0.930     8940.967  1718.509  
0.930     8937.769  1724.211  
0.931     8934.652  1729.901  
0.931     8931.453  1735.942  
0.931     8928.295  1741.802  
0.931     8925.186  1747.603  
0.931     8922.073  1753.402  
0.932     8919.096  1758.906  
0.932     8916.240  1764.114  
0.932     8913.476  1769.012  
0.932     8910.853  1773.578  
0.933     8908.457  1777.577  
0.933     8906.154  1781.345  
0.933     8904.127  1784.404  
0.933     8902.312  1786.975  
0.933     8900.651  1789.175  
0.934     8899.315  1790.581  
0.934     8898.154  1791.649  
0.934     8897.189  1792.300  
0.934     8896.588  1792.190  
0.934     8896.130  1791.711  
0.935     8895.903  1790.872  
0.935     8895.988  1789.426  
0.935     8896.232  1787.696  
0.935     8896.668  1785.634  
0.936     8897.349  1783.235  
0.936     8898.199  1780.568  
0.936     8899.230  1777.660  
0.936     8900.437  1774.630  
0.936     8901.750  1771.517  
0.937     8903.241  1768.180  
0.937     8904.765  1765.076  
0.937     8906.526  1761.666  
0.937     8908.253  1758.610  
0.937     8910.119  1755.427  
0.938     8912.054  1752.379  
0.938     8913.949  1749.684  
0.938     8915.996  1746.917  
0.938     8918.009  1744.389  
0.939     8920.009  1742.162  
0.939     8922.111  1739.893  
0.939     8924.176  1737.952  
0.939     8926.202  1736.195  
0.939     8928.291  1734.437  
0.940     8930.345  1732.933  
0.940     8932.365  1731.575  
0.940     8934.439  1730.047  
0.940     8936.417  1728.891  
0.940     8938.426  1727.617  
0.941     8940.426  1726.413  
0.941     8942.357  1725.193  
0.941     8944.344  1723.951  
0.941     8946.242  1722.804  
0.942     8948.147  1721.494  
0.942     8950.003  1720.193  
0.942     8951.888  1718.749  
0.942     8953.736  1717.354  
0.942     8955.476  1715.930  
0.943     8957.267  1714.312  
0.943     8958.963  1712.808  
0.943     8960.663  1711.196  
0.943     8962.291  1709.546  
0.943     8963.888  1707.852  
0.944     8965.388  1706.293  
0.944     8966.880  1704.650  
0.944     8968.281  1703.022  
0.944     8969.592  1701.531  
0.945     8970.853  1699.969  
0.945     8972.047  1698.560  
0.945     8973.159  1697.234  
0.945     8974.201  1696.014  
0.945     8975.115  1694.835  
0.946     8975.935  1693.909  
0.946     8976.710  1693.007  
0.946     8977.325  1692.379  
0.946     8977.904  1691.748  
0.947     8978.319  1691.402  
0.947     8978.628  1691.303  
0.947     8978.918  1691.197  
0.947     8979.017  1691.401  
0.947     8979.010  1691.851  
0.948     8978.996  1692.304  
0.948     8978.816  1693.057  
0.948     8978.535  1694.006  
0.948     8978.208  1695.085  
0.948     8977.807  1696.274  
0.949     8977.256  1697.705  
0.949     8976.680  1699.345  
0.949     8976.090  1700.836  
0.949     8975.349  1702.705  
0.950     8974.630  1704.541  
0.950     8973.826  1706.495  
0.950     8973.001  1708.508  
0.950     8972.162  1710.486  
0.950     8971.288  1712.524  
0.951     8970.455  1714.514  
0.951     8969.605  1716.482  
0.951     8968.724  1718.411  
0.951     8967.885  1720.292  
0.951     8967.116  1722.054  
0.952     8966.343  1723.609  
0.952     8965.599  1725.279  
0.952     8964.996  1726.665  
0.952     8964.347  1728.007  
0.953     8963.723  1729.284  
0.953     8963.287  1730.289  
0.953     8962.879  1731.256  
0.953     8962.516  1732.063  
0.953     8962.231  1732.804  
0.954     8962.028  1733.312  
0.954     8961.941  1733.783  
0.954     8961.971  1734.018  
0.954     8962.036  1734.114  
0.954     8962.132  1734.190  
0.955     8962.418  1733.969  
0.955     8962.776  1733.618  
0.955     8963.163  1733.167  
0.955     8963.676  1732.498  
0.956     8964.310  1731.630  
0.956     8964.987  1730.584  
0.956     8965.703  1729.526  
0.956     8966.567  1728.097  
0.956     8967.407  1726.740  
0.957     8968.434  1724.998  
0.957     8969.412  1723.303  
0.957     8970.457  1721.476  
0.957     8971.600  1719.380  
0.957     8972.721  1717.333  
0.958     8973.869  1715.266  
0.958     8975.123  1712.876  
0.958     8976.267  1710.738  
0.958     8977.417  1708.533  
0.959     8978.664  1706.136  
0.959     8979.791  1704.086  
0.959     8980.940  1701.858  
0.959     8982.005  1699.790  
0.959     8983.042  1697.860  
0.960     8984.126  1695.881  
0.960     8984.981  1694.261  
0.960     8985.867  1692.692  
0.960     8986.703  1691.287  
0.961     8987.410  1690.128  
0.961     8988.028  1689.192  
0.961     8988.648  1688.325  
0.961     8989.077  1687.891  
0.961     8989.458  1687.524  
0.962     8989.724  1687.459  
0.962     8989.930  1687.566  
0.962     8990.034  1687.968  
0.962     8990.060  1688.473  
0.962     8989.974  1689.217  
0.963     8989.829  1690.170  
0.963     8989.635  1691.258  
0.963     8989.357  1692.366  
0.963     8988.958  1693.771  
0.964     8988.552  1695.179  
0.964     8988.090  1696.617  
0.964     8987.620  1698.085  
0.964     8987.061  1699.558  
0.964     8986.444  1700.992  
0.965     8985.859  1702.375  
0.965     8985.304  1703.590  
0.965     8984.620  1704.792  
0.965     8983.953  1705.879  
0.965     8983.365  1706.691  
0.966     8982.714  1707.491  
0.966     8982.039  1708.178  
0.966     8981.368  1708.630  
0.966     8980.740  1709.053  
0.967     8980.104  1709.344  
0.967     8979.453  1709.523  
0.967     8978.819  1709.695  
0.967     8978.179  1709.792  
0.967     8977.541  1709.947  
0.968     8976.918  1710.079  
0.968     8976.287  1710.200  
0.968     8975.579  1710.501  
0.968     8974.980  1710.747  
0.968     8974.317  1711.165  
0.969     8973.650  1711.612  
0.969     8972.972  1712.127  
0.969     8972.324  1712.640  
0.969     8971.638  1713.361  
0.970     8971.002  1713.872  
0.970     8970.320  1714.517  
0.970     8969.607  1715.242  
0.970     8969.002  1715.740  
0.970     8968.322  1716.309  
0.971     8967.638  1716.818  
0.971     8967.031  1717.163  
0.971     8966.407  1717.426  
0.971     8965.759  1717.718  
0.971     8965.156  1717.845  
0.972     8964.543  1717.885  
0.972     8963.907  1717.988  
0.972     8963.346  1717.850  
0.972     8962.698  1717.815  
0.973     8962.087  1717.799  
0.973     8961.494  1717.740  
0.973     8960.902  1717.622  
0.973     8960.182  1717.833  
0.973     8959.595  1717.768  
0.974     8958.957  1717.896  
0.974     8958.256  1718.245  
0.974     8957.620  1718.417  
0.974     8956.958  1718.783  
0.975     8956.209  1719.350  
0.975     8955.522  1719.824  
0.975     8954.772  1720.449  
0.975     8954.023  1721.165  
0.975     8953.304  1721.926  
0.976     8952.578  1722.603  
0.976     8951.753  1723.577  
0.976     8951.048  1724.306  
0.976     8950.264  1725.201  
0.976     8949.508  1726.064  
0.977     8948.790  1726.848  
0.977     8947.990  1727.783  
0.977     8947.334  1728.442  
0.977     8946.594  1729.233  
0.978     8945.894  1729.930  
0.978     8945.255  1730.557  
0.978     8944.532  1731.278  
0.978     8943.919  1731.736  
0.978     8943.274  1732.387  
0.979     8942.740  1732.721  
0.979     8942.102  1733.275  
0.979     8941.569  1733.654  
0.979     8941.057  1733.880  
0.979     8940.580  1734.277  
0.980     8940.096  1734.565  
0.980     8939.683  1734.701  
0.980     8939.230  1734.986  
0.980     8938.849  1735.169  
0.981     8938.552  1735.170  
0.981     8938.150  1735.361  
0.981     8937.825  1735.384  
0.981     8937.604  1735.341  
0.981     8937.359  1735.374  
0.982     8937.097  1735.259  
0.982     8936.822  1735.201  
0.982     8936.666  1734.990  
0.982     8936.541  1734.746  
0.982     8936.377  1734.473  
0.983     8936.197  1734.144  
0.983     8936.076  1733.692  
0.983     8935.953  1733.311  
0.983     8935.886  1732.796  
0.984     8935.753  1732.299  
0.984     8935.662  1731.642  
0.984     8935.533  1731.164  
0.984     8935.471  1730.516  
0.984     8935.342  1730.008  
0.985     8935.161  1729.503  
0.985     8935.072  1728.931  
0.985     8934.875  1728.582  
0.985     8934.696  1728.149  
0.985     8934.506  1727.927  
0.986     8934.234  1727.843  
0.986     8934.031  1727.694  
0.986     8933.684  1727.988  
0.986     8933.407  1728.152  
0.987     8933.039  1728.607  
0.987     8932.562  1729.382  
0.987     8932.282  1729.911  
0.987     8931.836  1730.980  
0.987     8931.368  1732.059  
0.988     8930.903  1733.181  
0.988     8930.415  1734.672  
0.988     8930.029  1735.976  
0.988     8929.523  1737.566  
0.989     8929.057  1739.171  
0.989     8928.629  1740.736  
0.989     8928.277  1742.260  
0.989     8927.873  1743.871  
0.989     8927.578  1745.259  
0.990     8927.289  1746.649  
0.990     8927.134  1747.816  
0.990     8926.986  1748.817  
0.990     8926.885  1749.717  
0.990     8926.923  1750.319  
0.991     8926.983  1750.810  
0.991     8927.159  1751.007  
0.991     8927.453  1750.847  
0.991     8927.737  1750.629  
0.992     8928.172  1750.143  
0.992     8928.735  1749.284  
0.992     8929.289  1748.476  
0.992     8929.947  1747.257  
0.992     8930.645  1746.069  
0.993     8931.475  1744.679  
0.993     8932.352  1743.077  
0.993     8933.185  1741.624  
0.993     8934.189  1739.855  
0.993     8935.233  1738.070  
0.994     8936.204  1736.386  
0.994     8937.281  1734.526  
0.994     8938.370  1732.781  
0.994     8939.446  1731.046  
0.995     8940.529  1729.277  
0.995     8941.609  1727.450  
0.995     8942.720  1725.694  
0.995     8943.792  1724.015  
0.995     8944.803  1722.300  
0.996     8945.804  1720.612  
0.996     8946.828  1718.920  
0.996     8947.739  1717.373  
0.996     8948.598  1715.785  
0.996     8949.465  1714.230  
0.997     8950.203  1712.834  
0.997     8950.930  1711.524  
0.997     8951.602  1710.192  
0.997     8952.088  1709.217  
0.998     8952.569  1708.261  
0.998     8952.988  1707.443  
0.998     8953.256  1706.989  
0.998     8953.480  1706.623  
0.998     8953.593  1706.577  
0.999     8953.584  1706.762  
0.999     8953.572  1707.091  
0.999     8953.371  1707.942  
0.999     8953.143  1708.790  
0.999     8952.798  1710.017  
1.000     8952.427  1711.488  
1.000     8951.945  1713.098  
1.000     8951.404  1714.933  
1.000     8950.844  1716.856  
1.001     8950.221  1719.015  
1.001     8949.581  1721.195  
1.001     8948.894  1723.373  
1.001     8948.197  1725.641  
1.001     8947.521  1727.902  
1.002     8946.875  1729.863  
1.002     8946.141  1732.046  
1.002     8945.539  1733.927  
1.002     8945.027  1735.497  
1.003     8944.395  1737.215  
1.003     8943.947  1738.449  
1.003     8943.492  1739.594  
1.003     8943.148  1740.414  
1.003     8942.874  1741.019  
1.004     8942.610  1741.446  
1.004     8942.506  1741.473  
1.004     8942.416  1741.332  
1.004     8942.431  1741.003  
1.004     8942.489  1740.459  
1.005     8942.651  1739.625  
1.005     8942.815  1738.816  
1.005     8943.092  1737.705  
1.005     8943.404  1736.519  
1.006     8943.772  1735.269  
1.006     8944.197  1733.883  
1.006     8944.563  1732.648  
1.006     8945.047  1731.251  
1.006     8945.591  1729.849  
1.007     8946.029  1728.639  
1.007     8946.567  1727.337  
1.007     8947.112  1726.142  
1.007     8947.620  1725.063  
1.007     8948.170  1723.931  
1.008     8948.583  1723.214  
1.008     8949.135  1722.299  
1.008     8949.618  1721.435  
1.008     8950.002  1720.961  
1.009     8950.506  1720.204  
1.009     8950.901  1719.727  
1.009     8951.280  1719.272  
1.009     8951.612  1718.917  
1.009     8951.978  1718.528  
1.010     8952.291  1718.300  
1.010     8952.515  1718.097  
1.010     8952.740  1717.999  
1.010     8952.962  1718.014  
1.010     8953.129  1718.074  
1.011     8953.309  1718.127  
1.011     8953.394  1718.508  
1.011     8953.552  1718.763  
1.011     8953.586  1719.318  
1.012     8953.634  1719.956  
1.012     8953.721  1720.635  
1.012     8953.722  1721.576  
1.012     8953.711  1722.616  
1.012     8953.733  1723.678  
1.013     8953.761  1724.964  
1.013     8953.813  1726.232  
1.013     8953.883  1727.550  
1.013     8953.891  1729.058  
1.013     8954.007  1730.414  
1.014     8954.235  1731.764  
1.014     8954.439  1733.140  
1.014     8954.676  1734.372  
1.014     8955.005  1735.447  
1.015     8955.438  1736.416  
1.015     8955.978  1737.057  
1.015     8956.522  1737.604  
1.015     8957.189  1737.760  
1.015     8957.980  1737.667  
1.016     8958.865  1737.179  
1.016     8959.782  1736.459  
1.016     8960.870  1735.169  
1.016     8962.016  1733.675  
1.017     8963.226  1731.796  
1.017     8964.627  1729.365  
1.017     8965.925  1726.942  
1.017     8967.388  1723.918  
1.017     8968.884  1720.761  
1.018     8970.407  1717.473  
1.018     8972.002  1713.779  
1.018     8973.489  1710.294  
1.018     8975.021  1706.617  
1.018     8976.582  1702.892  
1.019     8977.985  1699.588  
1.019     8979.455  1696.038  
1.019     8980.736  1693.065  
1.019     8982.005  1690.227  
1.020     8983.170  1687.776  
1.020     8984.200  1685.686  
1.020     8985.113  1683.997  
1.020     8985.883  1682.862  
1.020     8986.634  1682.001  
1.021     8987.105  1681.805  
1.021     8987.507  1681.932  
1.021     8987.811  1682.515  
1.021     8988.027  1683.470  
1.021     8987.996  1684.956  
1.022     8987.945  1686.639  
1.022     8987.802  1688.687  
1.022     8987.510  1690.986  
1.022     8987.238  1693.379  
1.023     8986.798  1696.072  
1.023     8986.340  1698.773  
1.023     8985.876  1701.417  
1.023     8985.352  1704.070  
1.023     8984.807  1706.734  
1.024     8984.338  1708.995  
1.024     8983.784  1711.376  
1.024     8983.313  1713.357  
1.024     8982.871  1715.098  
1.024     8982.499  1716.629  
1.025     8982.136  1717.845  
1.025     8981.767  1718.834  
1.025     8981.576  1719.370  
1.025     8981.390  1719.866  
1.026     8981.311  1719.910  
1.026     8981.255  1719.752  
1.026     8981.261  1719.407  
1.026     8981.318  1718.946  
1.026     8981.510  1718.045  
1.027     8981.686  1717.193  
1.027     8981.942  1716.190  
1.027     8982.232  1714.966  
1.027     8982.566  1713.693  
1.027     8982.967  1712.334  
1.028     8983.381  1710.785  
1.028     8983.751  1709.358  
1.028     8984.205  1707.733  
1.028     8984.638  1706.144  
1.029     8985.131  1704.441  
1.029     8985.541  1702.761  
1.029     8985.902  1701.105  
1.029     8986.305  1699.477  
1.029     8986.722  1697.746  
1.030     8986.978  1696.317  
1.030     8987.257  1694.714  
1.030     8987.418  1693.379  
1.030     8987.603  1692.093  
1.031     8987.657  1690.971  
1.031     8987.644  1689.978  
1.031     8987.537  1689.124  
1.031     8987.395  1688.439  
1.031     8987.122  1687.952  
1.032     8986.688  1687.621  
1.032     8986.231  1687.460  
1.032     8985.736  1687.315  
1.032     8985.017  1687.519  
1.032     8984.213  1687.820  
1.033     8983.377  1688.017  
1.033     8982.333  1688.694  
1.033     8981.303  1689.148  
1.033     8980.055  1690.013  
1.034     8978.762  1690.822  
1.034     8977.364  1691.861  
1.034     8975.859  1693.016  
1.034     8974.206  1694.435  
1.034     8972.517  1695.882  
1.035     8970.758  1697.579  
1.035     8968.783  1699.637  
1.035     8966.805  1701.783  
1.035     8964.767  1704.135  
1.035     8962.619  1706.755  
1.036     8960.415  1709.620  
1.036     8958.146  1712.625  
1.036     8955.859  1715.830  
1.036     8953.502  1719.233  
1.037     8951.176  1722.691  
1.037     8948.803  1726.216  
1.037     8946.408  1729.847  
1.037     8944.091  1733.421  
1.037     8941.806  1736.775  
1.038     8939.491  1740.289  
1.038     8937.314  1743.505  
1.038     8935.187  1746.457  
1.038     8933.083  1749.381  
1.038     8931.145  1751.929  
1.039     8929.308  1754.175  
1.039     8927.533  1756.214  
1.039     8925.857  1758.014  
1.039     8924.375  1759.363  
1.040     8922.922  1760.630  
1.040     8921.716  1761.431  
1.040     8920.556  1762.111  
1.040     8919.501  1762.581  
1.040     8918.648  1762.681  
1.041     8917.896  1762.654  
1.041     8917.226  1762.519  
1.041     8916.755  1762.124  
1.041     8916.406  1761.467  
1.041     8916.015  1761.025  
1.042     8915.874  1760.163  
1.042     8915.865  1759.262  
1.042     8915.909  1758.285  
1.042     8915.996  1757.230  
1.043     8916.224  1756.119  
1.043     8916.577  1754.881  
1.043     8916.916  1753.733  
1.043     8917.363  1752.465  
1.043     8917.878  1751.198  
1.044     8918.446  1749.965  
1.044     8919.101  1748.675  
1.044     8919.745  1747.509  
1.044     8920.472  1746.250  
1.045     8921.274  1745.049  
1.045     8922.019  1744.049  
1.045     8922.843  1742.901  
1.045     8923.676  1741.945  
1.045     8924.574  1740.945  
1.046     8925.445  1739.997  
1.046     8926.359  1739.143  
1.046     8927.264  1738.294  
1.046     8928.181  1737.425  
1.046     8929.132  1736.580  
1.047     8930.071  1735.774  
1.047     8931.009  1734.958  
1.047     8931.980  1734.019  
1.047     8932.918  1733.190  
1.048     8933.843  1732.294  
1.048     8934.809  1731.322  
1.048     8935.735  1730.324  
1.048     8936.652  1729.390  
1.048     8937.558  1728.407  
1.049     8938.463  1727.411  
1.049     8939.356  1726.479  
1.049     8940.257  1725.426  
1.049     8941.365  1724.593  
1.049     8943.909  1723.309  
1.050     8947.044  1721.889  
1.050     8948.310  1722.373  
