Time      Mean      STD       
0.000     9999.017  0.692     
0.000     9999.017  0.692     
0.000     9999.017  0.692     
0.000     9999.016  0.693     
0.000     9999.014  0.695     
0.000     9999.006  0.706     
0.000     9998.992  0.722     
0.001     9998.908  0.821     
0.002     9998.766  0.979     
0.002     9998.562  1.190     
0.003     9998.297  1.450     
0.003     9997.966  1.761     
0.004     9997.568  2.125     
0.005     9996.819  2.792     
0.006     9995.890  3.607     
0.007     9994.761  4.585     
0.007     9993.412  5.748     
0.008     9991.813  7.122     
0.010     9987.723  10.649    
0.012     9982.244  15.337    
0.013     9974.918  21.597    
0.015     9965.155  29.927    
0.017     9952.176  40.955    
0.019     9935.042  55.483    
0.020     9912.102  74.537    
0.022     9882.260  99.605    
0.025     9815.187  155.063   
0.027     9712.790  238.468   
0.030     9557.813  361.796   
0.033     9325.780  540.366   
0.035     9082.670  719.359   
0.037     8762.863  941.647   
0.039     8350.546  1207.665  
0.041     7830.303  1510.959  
0.043     7196.924  1832.017  
0.045     6452.718  2143.090  
0.047     5621.002  2403.084  
0.049     4744.299  2569.792  
0.050     4091.363  2611.882  
0.052     3481.074  2573.461  
0.053     2947.829  2458.489  
0.055     2523.206  2283.828  
0.056     2232.977  2082.852  
0.057     2111.782  1938.509  
0.059     2084.038  1830.529  
0.060     2148.185  1779.200  
0.061     2299.899  1793.260  
0.062     2531.767  1864.166  
0.063     2833.568  1972.778  
0.064     3192.709  2096.693  
0.066     3596.176  2216.522  
0.067     4031.197  2318.466  
0.068     4485.398  2393.190  
0.069     4946.998  2436.460  
0.070     5405.619  2446.944  
0.071     5852.807  2426.324  
0.073     6281.949  2377.695  
0.074     6687.687  2305.364  
0.075     7066.331  2213.878  
0.076     7415.549  2107.787  
0.077     7734.344  1991.645  
0.078     8022.639  1869.738  
0.080     8281.354  1745.759  
0.081     8511.662  1622.864  
0.082     8715.358  1503.553  
0.083     8894.326  1389.487  
0.084     9050.980  1281.891  
0.085     9187.306  1181.383  
0.087     9305.484  1087.908  
0.088     9407.555  1001.289  
0.089     9495.585  920.777   
0.090     9571.261  845.742   
0.091     9636.139  775.868   
0.093     9691.736  710.444   
0.094     9739.285  649.226   
0.095     9779.857  591.881   
0.096     9814.458  538.005   
0.097     9843.879  487.512   
0.098     9868.858  440.054   
0.100     9890.026  395.463   
0.101     9907.939  353.582   
0.102     9923.024  314.397   
0.103     9935.672  277.804   
0.104     9946.220  243.931   
0.105     9954.941  212.840   
0.107     9962.078  184.593   
0.108     9967.807  159.234   
0.109     9972.295  136.784   
0.110     9975.665  117.454   
0.111     9978.008  101.212   
0.113     9979.766  83.016    
0.114     9979.790  76.729    
0.115     9979.031  74.475    
0.116     9977.466  76.640    
0.118     9973.033  89.683    
0.120     9965.998  113.445   
0.121     9955.804  147.487   
0.123     9941.788  192.330   
0.125     9922.953  249.490   
0.127     9898.119  320.838   
0.129     9865.826  408.214   
0.130     9824.363  513.205   
0.132     9771.688  636.839   
0.134     9705.537  779.338   
0.136     9623.630  940.322   
0.137     9523.545  1118.742  
0.139     9402.941  1312.752  
0.141     9259.697  1519.916  
0.143     9092.161  1737.181  
0.144     8899.502  1960.352  
0.146     8681.714  2184.765  
0.148     8439.921  2404.763  
0.150     8176.519  2613.706  
0.151     7894.972  2805.295  
0.153     7600.041  2973.608  
0.155     7297.824  3113.953  
0.157     6994.518  3224.416  
0.158     6696.765  3305.292  
0.160     6411.718  3358.164  
0.162     6145.993  3386.740  
0.164     5906.071  3395.598  
0.165     5697.814  3389.817  
0.167     5567.053  3379.121  
0.168     5458.329  3365.133  
0.169     5372.972  3349.745  
0.171     5311.931  3334.296  
0.172     5275.929  3319.501  
0.173     5265.131  3305.823  
0.175     5278.814  3294.373  
0.176     5316.392  3284.936  
0.177     5376.374  3277.648  
0.179     5457.264  3271.975  
0.180     5556.935  3267.462  
0.181     5673.330  3262.676  
0.182     5766.510  3258.380  
0.183     5866.429  3252.776  
0.184     5972.051  3245.283  
0.185     6082.343  3235.826  
0.186     6196.536  3223.747  
0.187     6313.725  3209.331  
0.188     6432.957  3192.583  
0.189     6553.455  3173.817  
0.190     6674.612  3153.215  
0.191     6795.391  3131.686  
0.192     6915.360  3109.648  
0.192     7034.015  3087.087  
0.193     7150.913  3064.475  
0.194     7265.754  3041.516  
0.195     7378.327  3017.880  
0.196     7488.466  2993.349  
0.197     7596.130  2966.974  
0.198     7701.481  2938.083  
0.199     7804.166  2906.328  
0.200     7904.419  2871.386  
0.201     8002.170  2832.598  
0.202     8097.539  2790.119  
0.203     8190.292  2743.896  
0.204     8280.546  2694.373  
0.205     8368.100  2641.800  
0.206     8453.014  2586.694  
0.207     8535.092  2529.497  
0.208     8669.072  2427.493  
0.210     8794.290  2322.167  
0.211     8910.445  2215.072  
0.213     9017.297  2107.299  
0.215     9114.740  2000.233  
0.216     9202.753  1895.005  
0.218     9281.251  1793.391  
0.220     9350.291  1696.710  
0.221     9409.962  1606.742  
0.223     9460.308  1525.488  
0.224     9501.450  1454.719  
0.226     9533.378  1397.180  
0.228     9556.244  1354.575  
0.229     9570.104  1328.883  
0.231     9575.070  1320.447  
0.233     9571.173  1329.589  
0.234     9558.460  1355.344  
0.236     9536.998  1396.138  
0.237     9506.624  1451.317  
0.239     9467.408  1518.592  
0.241     9419.226  1596.739  
0.243     9327.835  1734.028  
0.246     9215.098  1889.003  
0.248     9081.603  2059.135  
0.250     8966.488  2196.684  
0.252     8841.345  2335.809  
0.254     8707.956  2470.402  
0.257     8488.945  2658.411  
0.260     8261.895  2814.917  
0.263     8032.813  2944.918  
0.266     7807.067  3055.096  
0.268     7591.387  3143.275  
0.271     7391.735  3207.016  
0.274     7213.682  3251.109  
0.277     7061.648  3284.167  
0.280     6940.194  3309.919  
0.283     6853.812  3326.859  
0.285     6812.920  3332.927  
0.288     6797.216  3332.571  
0.290     6806.495  3326.093  
0.292     6839.837  3313.592  
0.295     6895.241  3296.435  
0.297     6970.332  3276.512  
0.299     7039.960  3260.134  
0.301     7118.461  3242.867  
0.302     7204.778  3223.319  
0.304     7298.010  3200.021  
0.306     7397.045  3171.387  
0.307     7476.504  3144.535  
0.309     7558.164  3112.548  
0.310     7641.250  3075.426  
0.312     7724.965  3033.106  
0.313     7808.289  2986.438  
0.314     7890.333  2936.747  
0.316     7969.946  2886.040  
0.317     8046.184  2836.707  
0.318     8118.181  2790.858  
0.320     8185.228  2750.499  
0.321     8247.120  2716.768  
0.323     8303.700  2690.082  
0.324     8355.022  2670.364  
0.325     8401.488  2656.178  
0.327     8443.643  2645.333  
0.328     8482.126  2635.627  
0.330     8517.556  2624.568  
0.331     8550.352  2610.568  
0.332     8580.848  2593.460  
0.334     8609.164  2573.373  
0.335     8635.345  2551.472  
0.336     8659.086  2529.634  
0.338     8680.364  2508.646  
0.339     8698.877  2489.297  
0.341     8714.476  2471.436  
0.342     8726.745  2455.067  
0.343     8735.569  2440.233  
0.345     8740.647  2427.721  
0.346     8741.534  2419.421  
0.347     8738.087  2417.032  
0.349     8730.010  2422.135  
0.350     8717.197  2435.740  
0.352     8699.983  2457.501  
0.353     8678.618  2485.892  
0.354     8653.470  2518.911  
0.356     8625.389  2553.553  
0.357     8594.831  2587.860  
0.359     8562.267  2620.061  
0.360     8528.323  2648.713  
0.361     8493.270  2673.625  
0.363     8457.103  2695.298  
0.364     8419.844  2715.135  
0.365     8381.531  2734.247  
0.367     8341.931  2754.394  
0.368     8301.035  2777.207  
0.370     8258.832  2803.312  
0.371     8215.620  2832.451  
0.372     8171.557  2863.664  
0.374     8127.239  2895.004  
0.375     8083.177  2924.627  
0.376     8039.902  2950.667  
0.378     7997.616  2972.447  
0.379     7956.727  2989.833  
0.382     7884.005  3014.520  
0.384     7815.924  3035.870  
0.387     7752.627  3059.234  
0.390     7694.541  3086.087  
0.392     7643.504  3112.931  
0.395     7601.657  3134.959  
0.397     7571.057  3147.820  
0.400     7552.643  3152.833  
0.403     7546.581  3152.882  
0.405     7552.593  3148.995  
0.408     7570.310  3138.876  
0.410     7598.468  3122.220  
0.413     7635.252  3101.747  
0.416     7678.745  3080.821  
0.418     7727.468  3061.079  
0.421     7780.066  3042.480  
0.423     7836.159  3022.303  
0.425     7880.280  3004.767  
0.427     7925.659  2986.050  
0.429     7972.365  2966.114  
0.431     8019.857  2945.186  
0.433     8059.090  2926.252  
0.434     8098.554  2904.903  
0.435     8130.207  2885.344  
0.437     8161.572  2863.282  
0.438     8192.522  2838.632  
0.439     8222.496  2811.783  
0.441     8251.177  2783.504  
0.442     8277.896  2754.799  
0.443     8302.262  2726.970  
0.444     8323.608  2701.680  
0.446     8341.393  2680.376  
0.447     8355.323  2664.204  
0.448     8365.131  2654.130  
0.449     8370.541  2650.890  
0.451     8371.578  2655.064  
0.452     8368.474  2666.518  
0.453     8361.456  2684.807  
0.454     8351.259  2708.713  
0.456     8338.288  2736.664  
0.457     8323.474  2766.406  
0.458     8307.620  2795.422  
0.459     8291.414  2821.738  
0.461     8275.516  2843.957  
0.462     8260.508  2860.523  
0.463     8246.837  2871.076  
0.464     8234.511  2875.768  
0.466     8223.487  2875.485  
0.467     8213.584  2871.200  
0.468     8204.612  2864.360  
0.469     8196.007  2857.210  
0.471     8187.172  2851.546  
0.472     8178.059  2848.719  
0.473     8168.178  2849.830  
0.475     8157.410  2855.281  
0.476     8145.877  2864.711  
0.477     8133.646  2877.096  
0.479     8113.142  2900.370  
0.481     8096.916  2917.991  
0.482     8081.586  2931.512  
0.484     8067.697  2939.067  
0.486     8055.174  2940.527  
0.487     8043.986  2937.173  
0.489     8033.487  2931.827  
0.491     8023.057  2927.039  
0.492     8012.118  2925.029  
0.494     8000.338  2927.074  
0.495     7987.369  2933.185  
0.497     7973.424  2942.558  
0.498     7961.867  2951.583  
0.500     7950.013  2961.789  
0.501     7938.077  2972.582  
0.502     7926.384  2983.800  
0.503     7915.139  2995.136  
0.505     7904.666  3005.550  
0.506     7895.212  3014.699  
0.508     7883.256  3024.256  
0.510     7875.009  3026.804  
0.512     7870.469  3023.232  
0.514     7869.040  3016.571  
0.516     7870.032  3010.052  
0.518     7872.878  3005.851  
0.520     7877.193  3003.686  
0.522     7882.941  3001.798  
0.524     7890.094  2998.622  
0.526     7898.485  2993.973  
0.528     7908.028  2988.693  
0.530     7918.551  2983.927  
0.532     7929.845  2980.208  
0.534     7942.208  2976.045  
0.536     7955.421  2970.832  
0.538     7969.529  2963.890  
0.540     7984.338  2955.168  
0.542     7999.584  2945.050  
0.544     8014.856  2933.633  
0.546     8029.571  2921.988  
0.548     8043.279  2912.192  
0.550     8055.445  2907.209  
0.552     8066.277  2907.721  
0.554     8075.984  2912.504  
0.556     8085.756  2917.604  
0.558     8094.059  2919.618  
0.559     8103.369  2918.342  
0.561     8113.663  2913.363  
0.563     8125.106  2904.922  
0.564     8137.239  2893.988  
0.565     8147.602  2883.365  
0.567     8158.109  2871.915  
0.568     8168.415  2859.796  
0.569     8178.210  2847.511  
0.571     8187.069  2835.233  
0.572     8194.692  2823.511  
0.573     8200.791  2812.500  
0.575     8204.971  2802.747  
0.576     8206.978  2794.775  
0.577     8206.366  2789.399  
0.579     8202.993  2787.479  
0.580     8196.787  2789.931  
0.581     8187.678  2797.671  
0.583     8175.686  2811.561  
0.584     8161.323  2831.330  
0.585     8145.058  2855.921  
0.587     8127.628  2883.501  
0.588     8109.835  2911.474  
0.589     8095.519  2933.080  
0.590     8081.986  2951.783  
0.591     8069.706  2966.576  
0.593     8059.025  2976.613  
0.594     8050.047  2981.777  
0.595     8042.878  2982.504  
0.596     8037.282  2979.301  
0.597     8033.339  2972.650  
0.598     8030.609  2963.676  
0.599     8028.954  2953.385  
0.600     8027.883  2942.729  
0.601     8027.228  2934.440  
0.602     8026.723  2927.045  
0.603     8025.911  2921.249  
0.604     8024.875  2917.193  
0.605     8023.474  2915.018  
0.606     8021.621  2914.500  
0.607     8019.472  2915.518  
0.608     8016.710  2917.938  
0.609     8013.644  2921.229  
0.610     8010.103  2925.202  
0.610     8006.313  2929.385  
0.611     8002.279  2933.663  
0.612     7997.993  2938.212  
0.613     7993.510  2942.713  
0.614     7989.011  2947.308  
0.615     7984.498  2952.134  
0.616     7979.971  2957.124  
0.617     7976.330  2961.400  
0.618     7972.846  2965.566  
0.618     7969.354  2969.749  
0.619     7966.263  2973.387  
0.620     7963.357  2976.486  
0.621     7960.658  2979.058  
0.621     7958.269  2980.953  
0.622     7956.474  2981.862  
0.623     7954.937  2982.192  
0.623     7953.658  2981.969  
0.624     7952.398  2981.572  
0.624     7951.464  2980.605  
0.625     7950.686  2979.442  
0.626     7950.028  2978.192  
0.626     7949.488  2977.025  
0.627     7949.142  2975.861  
0.628     7948.921  2974.969  
0.628     7948.710  2974.491  
0.629     7948.736  2974.165  
0.629     7948.714  2974.461  
0.630     7948.915  2974.901  
0.631     7949.142  2975.750  
0.631     7949.588  2976.856  
0.632     7949.996  2978.095  
0.633     7950.610  2979.469  
0.633     7951.473  2980.643  
0.634     7952.418  2981.672  
0.634     7953.607  2982.270  
0.635     7954.899  2982.785  
0.636     7956.536  2982.555  
0.636     7958.149  2982.058  
0.637     7960.259  2980.684  
0.637     7962.326  2979.123  
0.638     7964.768  2976.707  
0.639     7967.205  2973.937  
0.639     7970.020  2970.717  
0.640     7972.863  2967.025  
0.641     7975.774  2963.145  
0.641     7978.879  2959.063  
0.642     7981.970  2954.751  
0.642     7985.066  2950.689  
0.643     7988.347  2946.296  
0.644     7991.402  2942.431  
0.644     7994.478  2938.540  
0.645     7997.465  2934.895  
0.646     8000.357  2931.632  
0.646     8003.175  2928.400  
0.647     8005.745  2925.668  
0.647     8008.192  2923.081  
0.648     8010.494  2920.717  
0.649     8012.573  2918.636  
0.649     8014.446  2916.690  
0.650     8016.134  2915.047  
0.651     8017.632  2913.632  
0.651     8018.859  2912.436  
0.652     8019.686  2911.799  
0.652     8020.579  2911.284  
0.653     8021.038  2911.308  
0.654     8021.194  2911.685  
0.654     8021.287  2912.661  
0.655     8021.154  2914.016  
0.656     8020.632  2915.924  
0.656     8020.070  2918.187  
0.657     8019.255  2921.178  
0.657     8018.379  2924.041  
0.658     8017.203  2927.786  
0.659     8016.103  2931.171  
0.659     8014.839  2935.060  
0.660     8013.591  2938.800  
0.661     8012.296  2942.461  
0.661     8011.052  2945.981  
0.662     8009.927  2949.152  
0.662     8008.753  2952.190  
0.663     8007.793  2954.630  
0.664     8006.962  2956.832  
0.664     8006.193  2958.594  
0.665     8005.666  2959.899  
0.666     8005.276  2960.791  
0.666     8005.037  2961.540  
0.667     8005.020  2961.761  
0.667     8005.174  2961.938  
0.668     8005.545  2961.727  
0.669     8006.111  2961.501  
0.669     8006.795  2961.285  
0.670     8007.733  2960.898  
0.670     8008.879  2960.550  
0.671     8010.173  2960.205  
0.672     8011.590  2959.979  
0.672     8013.352  2959.471  
0.673     8015.261  2959.196  
0.674     8017.317  2958.575  
0.674     8019.646  2957.857  
0.675     8022.149  2956.957  
0.675     8024.873  2955.688  
0.676     8027.793  2954.175  
0.677     8030.878  2952.133  
0.677     8034.288  2949.693  
0.678     8037.705  2947.082  
0.679     8041.436  2943.814  
0.679     8045.269  2940.336  
0.680     8049.259  2936.404  
0.680     8053.256  2932.523  
0.681     8057.541  2928.116  
0.682     8061.733  2923.725  
0.682     8066.001  2919.218  
0.683     8070.309  2914.613  
0.684     8074.607  2910.008  
0.684     8078.903  2905.474  
0.685     8083.076  2900.992  
0.685     8087.117  2896.758  
0.686     8091.194  2892.468  
0.687     8094.987  2888.630  
0.687     8098.671  2884.977  
0.688     8101.596  2882.277  
0.688     8104.438  2879.807  
0.689     8106.992  2877.770  
0.689     8109.431  2876.063  
0.690     8111.845  2874.704  
0.690     8114.046  2873.670  
0.691     8116.086  2873.085  
0.691     8117.939  2872.928  
0.692     8119.771  2873.059  
0.692     8121.352  2873.754  
0.693     8122.892  2874.570  
0.693     8124.206  2875.888  
0.694     8125.515  2877.254  
0.694     8126.720  2878.903  
0.695     8127.800  2880.603  
0.695     8128.834  2882.374  
0.696     8129.817  2884.099  
0.696     8130.764  2885.754  
0.697     8131.643  2887.371  
0.698     8132.658  2888.555  
0.698     8133.498  2889.723  
0.699     8134.422  2890.533  
0.699     8135.440  2890.923  
0.700     8136.322  2891.283  
0.700     8137.348  2890.966  
0.701     8138.379  2890.457  
0.701     8139.347  2889.528  
0.702     8140.482  2888.122  
0.702     8141.529  2886.518  
0.703     8142.718  2884.331  
0.703     8143.756  2881.990  
0.704     8144.856  2879.114  
0.704     8145.933  2875.969  
0.705     8146.932  2872.616  
0.705     8147.941  2868.787  
0.706     8148.783  2864.878  
0.706     8149.572  2860.887  
0.707     8150.221  2856.715  
0.707     8150.703  2852.582  
0.708     8151.094  2848.419  
0.708     8151.138  2844.588  
0.709     8151.098  2840.899  
0.709     8150.722  2837.714  
0.710     8150.102  2834.909  
0.710     8149.213  2832.614  
0.711     8147.936  2831.116  
0.711     8146.466  2830.059  
0.712     8144.509  2830.008  
0.712     8142.305  2830.559  
0.713     8139.803  2831.946  
0.713     8136.799  2834.288  
0.714     8133.633  2837.031  
0.714     8130.048  2840.803  
0.715     8126.178  2845.263  
0.715     8122.131  2849.952  
0.716     8117.562  2855.611  
0.716     8112.840  2861.536  
0.717     8108.034  2867.536  
0.717     8102.867  2874.132  
0.718     8097.589  2880.575  
0.718     8092.158  2887.131  
0.719     8086.488  2893.845  
0.719     8080.883  2900.232  
0.720     8075.089  2906.480  
0.721     8069.293  2912.637  
0.721     8063.523  2918.410  
0.722     8057.635  2924.159  
0.722     8051.873  2929.377  
0.723     8046.033  2934.670  
0.723     8040.480  2939.430  
0.724     8034.740  2944.455  
0.724     8029.272  2949.054  
0.725     8023.768  2953.704  
0.725     8018.441  2958.323  
0.726     8013.344  2962.838  
0.726     8008.238  2967.581  
0.727     8003.460  2971.963  
0.727     7998.744  2976.551  
0.728     7994.332  2981.069  
0.728     7990.185  2985.363  
0.729     7986.127  2989.659  
0.729     7982.453  2993.607  
0.730     7979.047  2997.196  
0.730     7975.875  3000.610  
0.731     7973.092  3003.261  
0.731     7970.511  3005.583  
0.732     7968.428  3007.141  
0.732     7966.593  3008.205  
0.733     7965.020  3008.460  
0.733     7963.884  3007.927  
0.734     7962.993  3006.919  
0.734     7962.630  3004.915  
0.735     7962.341  3002.512  
0.735     7962.356  2999.456  
0.736     7962.766  2995.724  
0.736     7963.301  2991.904  
0.737     7964.220  2987.182  
0.737     7965.050  2982.686  
0.738     7966.276  2977.718  
0.738     7967.582  2972.746  
0.739     7968.978  2967.740  
0.739     7970.442  2962.877  
0.740     7971.990  2958.257  
0.740     7973.490  2953.858  
0.741     7974.999  2949.742  
0.741     7976.541  2946.186  
0.742     7978.054  2942.674  
0.743     7979.309  2940.084  
0.743     7980.748  2937.537  
0.744     7981.924  2935.730  
0.744     7983.004  2934.326  
0.745     7983.997  2933.268  
0.745     7984.871  2932.812  
0.746     7985.717  2932.434  
0.746     7986.335  2932.611  
0.747     7986.814  2933.195  
0.747     7987.332  2933.701  
0.748     7987.617  2934.727  
0.748     7987.822  2935.782  
0.749     7987.992  2936.938  
0.749     7988.006  2938.408  
0.750     7988.049  2939.608  
0.750     7987.991  2941.072  
0.751     7987.736  2942.769  
0.751     7987.642  2944.152  
0.752     7987.405  2945.676  
0.752     7987.183  2947.235  
0.753     7986.931  2948.538  
0.753     7986.620  2950.131  
0.754     7986.485  2951.321  
0.754     7986.241  2952.641  
0.755     7985.914  2953.969  
0.755     7985.697  2955.000  
0.756     7985.561  2955.900  
0.756     7985.475  2956.767  
0.757     7985.370  2957.461  
0.757     7985.290  2957.962  
0.758     7985.317  2958.305  
0.758     7985.375  2958.778  
0.759     7985.542  2958.726  
0.759     7985.646  2958.736  
0.760     7985.905  2958.704  
0.760     7986.267  2958.432  
0.761     7986.527  2958.067  
0.761     7986.854  2957.705  
0.762     7987.447  2957.025  
0.762     7987.933  2956.542  
0.763     7988.470  2955.708  
0.763     7988.988  2954.917  
0.764     7989.664  2954.022  
0.764     7990.432  2952.994  
0.765     7991.115  2951.824  
0.766     7991.682  2950.914  
0.766     7992.634  2949.392  
0.767     7993.337  2948.264  
0.767     7994.099  2946.923  
0.768     7994.901  2945.600  
0.768     7995.666  2944.347  
0.769     7996.446  2943.078  
0.769     7997.176  2941.982  
0.770     7997.877  2940.911  
0.770     7998.616  2940.016  
0.771     7999.259  2939.209  
0.771     7999.801  2938.623  
0.772     8000.433  2938.114  
0.772     8001.016  2937.764  
0.773     8001.535  2937.662  
0.773     8001.879  2937.804  
0.774     8002.403  2937.774  
0.774     8002.718  2938.213  
0.775     8003.135  2938.429  
0.775     8003.464  2938.945  
0.776     8003.732  2939.421  
0.776     8004.006  2939.895  
0.777     8004.282  2940.368  
0.777     8004.524  2940.923  
0.778     8004.674  2941.377  
0.778     8004.973  2941.688  
0.779     8005.196  2941.954  
0.779     8005.320  2942.280  
0.780     8005.602  2942.253  
0.780     8005.833  2942.491  
0.781     8006.009  2942.467  
0.781     8006.197  2942.494  
0.782     8006.439  2942.432  
0.782     8006.660  2942.456  
0.783     8006.912  2942.260  
0.783     8007.097  2942.315  
0.784     8007.333  2942.144  
0.784     8007.601  2942.029  
0.785     8007.863  2941.958  
0.785     8008.132  2941.892  
0.786     8008.382  2941.679  
0.786     8008.565  2941.609  
0.787     8008.824  2941.268  
0.787     8009.124  2941.040  
0.788     8009.459  2940.608  
0.789     8009.681  2940.163  
0.789     8009.855  2939.768  
0.790     8010.129  2939.213  
0.790     8010.457  2938.640  
0.791     8010.695  2938.005  
0.791     8010.824  2937.533  
0.792     8011.082  2936.972  
0.792     8011.302  2936.551  
0.793     8011.411  2936.483  
0.793     8011.584  2936.379  
0.794     8011.680  2936.666  
0.794     8011.770  2937.115  
0.795     8011.848  2937.849  
0.795     8011.880  2939.024  
0.796     8011.984  2940.312  
0.796     8012.053  2941.958  
0.797     8012.093  2944.067  
0.797     8012.184  2946.079  
0.798     8012.308  2948.578  
0.798     8012.586  2951.016  
0.799     8012.872  2953.578  
0.799     8013.154  2956.286  
0.800     8013.718  2958.674  
0.800     8014.330  2961.175  
0.801     8015.133  2963.296  
0.801     8015.959  2965.367  
0.802     8017.080  2966.807  
0.802     8018.375  2968.081  
0.803     8019.949  2968.740  
0.803     8021.655  2969.048  
0.804     8023.514  2968.838  
0.804     8025.676  2968.127  
0.805     8028.069  2966.921  
0.805     8030.719  2965.146  
0.806     8033.406  2963.093  
0.806     8036.464  2960.421  
0.807     8039.662  2957.433  
0.807     8043.105  2954.056  
0.808     8046.681  2950.326  
0.808     8050.356  2946.407  
0.809     8054.209  2942.320  
0.809     8058.339  2937.805  
0.810     8062.337  2933.539  
0.810     8066.582  2928.902  
0.811     8070.897  2924.291  
0.812     8075.255  2919.722  
0.812     8079.644  2914.949  
0.813     8083.983  2910.370  
0.813     8088.487  2905.588  
0.814     8092.813  2901.077  
0.814     8097.176  2896.287  
0.815     8101.450  2891.742  
0.815     8105.655  2887.133  
0.816     8109.835  2882.456  
0.816     8113.902  2877.868  
0.817     8117.773  2873.401  
0.817     8121.618  2868.898  
0.818     8125.197  2864.665  
0.818     8128.627  2860.620  
0.819     8131.894  2856.797  
0.819     8135.011  2853.081  
0.820     8137.812  2850.102  
0.820     8140.448  2847.184  
0.821     8142.729  2845.055  
0.821     8144.888  2843.343  
0.822     8146.811  2842.081  
0.822     8148.362  2841.693  
0.823     8149.674  2841.816  
0.823     8150.873  2842.541  
0.824     8151.658  2844.090  
0.824     8152.334  2846.071  
0.825     8152.766  2848.643  
0.825     8152.934  2851.844  
0.826     8153.087  2855.154  
0.826     8152.881  2859.183  
0.827     8152.679  2863.121  
0.827     8152.326  2867.226  
0.828     8151.806  2871.418  
0.828     8151.396  2875.107  
0.829     8150.866  2878.697  
0.829     8150.320  2881.889  
0.830     8149.836  2884.357  
0.830     8149.281  2886.289  
0.831     8148.845  2887.447  
0.831     8148.389  2887.973  
0.832     8148.022  2887.517  
0.832     8147.661  2886.432  
0.833     8147.364  2884.572  
0.833     8147.024  2882.145  
0.834     8146.721  2878.983  
0.835     8146.397  2875.432  
0.835     8145.974  2871.680  
0.836     8145.564  2867.504  
0.836     8145.004  2863.512  
0.837     8144.359  2859.637  
0.837     8143.468  2855.939  
0.838     8142.463  2852.731  
0.838     8141.371  2850.070  
0.839     8139.959  2847.958  
0.839     8138.209  2846.704  
0.840     8136.372  2846.046  
0.840     8134.275  2846.411  
0.841     8131.776  2847.424  
0.841     8129.051  2849.253  
0.842     8126.090  2851.948  
0.842     8123.010  2854.835  
0.843     8119.457  2858.793  
0.843     8115.783  2862.954  
0.844     8111.925  2867.510  
0.844     8107.764  2872.663  
0.845     8103.626  2877.488  
0.845     8099.069  2882.890  
0.846     8094.602  2888.020  
0.846     8089.935  2893.199  
0.847     8085.165  2898.324  
0.847     8080.369  2903.145  
0.848     8075.476  2907.906  
0.848     8070.542  2912.389  
0.849     8065.695  2916.550  
0.849     8060.683  2920.611  
0.850     8055.712  2924.300  
0.850     8050.775  2927.906  
0.851     8045.953  2930.980  
0.851     8041.056  2934.130  
0.852     8036.205  2936.994  
0.852     8031.445  2939.613  
0.853     8026.679  2942.241  
0.853     8022.060  2944.586  
0.854     8017.425  2946.973  
0.854     8012.880  2949.428  
0.855     8008.382  2951.661  
0.855     8003.901  2954.218  
0.856     7999.652  2956.512  
0.857     7995.346  2959.277  
0.857     7991.223  2961.775  
0.858     7987.047  2964.762  
0.858     7983.103  2967.539  
0.859     7979.169  2970.776  
0.859     7975.470  2973.805  
0.860     7971.783  2977.118  
0.860     7968.354  2980.222  
0.861     7964.933  2983.678  
0.861     7961.816  2986.763  
0.862     7958.847  2989.821  
0.862     7956.011  2992.725  
0.863     7953.449  2995.349  
0.863     7951.102  2997.700  
0.864     7948.952  2999.739  
0.864     7947.032  3001.259  
0.865     7945.378  3002.623  
0.865     7944.060  3003.223  
0.866     7942.781  3003.613  
0.866     7941.896  3003.388  
0.867     7941.260  3002.779  
0.867     7940.837  3001.732  
0.868     7940.577  3000.270  
0.868     7940.675  2998.326  
0.869     7940.808  2996.188  
0.869     7941.236  2993.704  
0.870     7941.948  2990.976  
0.870     7942.580  2988.035  
0.871     7943.465  2985.051  
0.871     7944.549  2981.858  
0.872     7945.696  2978.660  
0.872     7946.892  2975.570  
0.873     7948.149  2972.530  
0.873     7949.565  2969.565  
0.874     7950.875  2966.920  
0.874     7952.379  2964.349  
0.875     7953.755  2962.286  
0.875     7955.187  2960.360  
0.876     7956.648  2958.790  
0.876     7958.018  2957.741  
0.877     7959.423  2956.932  
0.877     7960.809  2956.490  
0.878     7962.148  2956.476  
0.878     7963.444  2956.867  
0.879     7964.774  2957.310  
0.880     7966.116  2958.198  
0.880     7967.356  2959.136  
0.881     7968.773  2960.126  
0.881     7970.093  2961.194  
0.882     7971.506  2962.191  
0.882     7972.919  2963.024  
0.883     7974.330  2963.759  
0.883     7975.957  2963.965  
0.884     7977.448  2964.191  
0.884     7979.262  2963.574  
0.885     7980.897  2962.996  
0.885     7982.731  2961.744  
0.886     7984.695  2960.124  
0.886     7986.626  2958.275  
0.887     7988.648  2955.927  
0.887     7990.655  2953.329  
0.888     7992.805  2950.612  
0.888     7994.912  2947.565  
0.889     7997.069  2944.561  
0.889     7999.137  2941.415  
0.890     8001.250  2938.256  
0.890     8003.241  2935.343  
0.891     8005.341  2932.319  
0.891     8007.211  2929.559  
0.892     8009.064  2926.912  
0.892     8010.877  2924.473  
0.893     8012.508  2922.241  
0.893     8014.105  2920.059  
0.894     8015.492  2918.233  
0.894     8016.826  2916.615  
0.895     8017.947  2915.097  
0.895     8018.997  2913.680  
0.896     8019.780  2912.677  
0.896     8020.578  2911.648  
0.897     8021.122  2910.781  
0.897     8021.454  2910.354  
0.898     8021.719  2909.851  
0.898     8021.715  2909.843  
0.899     8021.681  2909.881  
0.899     8021.370  2910.292  
0.900     8020.879  2911.136  
0.900     8020.288  2912.030  
0.901     8019.463  2913.604  
0.901     8018.601  2915.288  
0.902     8017.492  2917.488  
0.903     8016.275  2919.974  
0.903     8014.970  2922.841  
0.904     8013.565  2926.012  
0.904     8012.070  2929.513  
0.905     8010.436  2933.354  
0.905     8008.886  2937.183  
0.906     8007.189  2941.378  
0.906     8005.553  2945.366  
0.907     8003.873  2949.622  
0.907     8002.391  2953.358  
0.908     8000.748  2957.179  
0.908     7999.369  2960.460  
0.909     7998.028  2963.451  
0.909     7996.818  2966.028  
0.910     7995.757  2967.933  
0.910     7994.797  2969.341  
0.911     7994.012  2970.251  
0.911     7993.402  2970.563  
0.912     7992.951  2970.344  
0.912     7992.532  2969.844  
0.913     7992.386  2968.624  
0.913     7992.351  2967.354  
0.914     7992.455  2965.739  
0.914     7992.648  2964.044  
0.915     7992.997  2962.261  
0.915     7993.423  2960.658  
0.916     7993.870  2959.200  
0.916     7994.540  2957.922  
0.917     7995.128  2957.115  
0.917     7995.925  2956.352  
0.918     7996.695  2956.228  
0.918     7997.633  2956.100  
0.919     7998.500  2956.668  
0.919     7999.608  2957.112  
0.920     8000.638  2957.973  
0.920     8001.862  2958.890  
0.921     8003.181  2959.695  
0.921     8004.535  2960.815  
0.922     8006.159  2961.161  
0.922     8007.667  2961.944  
0.923     8009.482  2962.032  
0.923     8011.466  2961.754  
0.924     8013.489  2961.281  
0.924     8015.724  2960.030  
0.925     8018.083  2958.696  
0.926     8020.574  2956.725  
0.926     8023.175  2954.321  
0.927     8025.911  2951.613  
0.927     8028.838  2948.613  
0.928     8031.821  2945.300  
0.928     8034.827  2941.742  
0.929     8037.946  2938.278  
0.929     8041.214  2934.489  
0.930     8044.373  2931.170  
0.930     8047.669  2927.645  
0.931     8050.940  2924.404  
0.931     8054.203  2921.599  
0.932     8057.559  2918.852  
0.932     8060.766  2916.736  
0.933     8064.028  2914.649  
0.933     8067.236  2913.307  
0.934     8070.457  2912.049  
0.934     8073.639  2911.243  
0.935     8076.772  2910.832  
0.935     8079.886  2910.590  
0.936     8083.055  2910.549  
0.936     8086.181  2910.622  
0.937     8089.330  2910.699  
0.937     8092.486  2910.692  
0.938     8095.610  2910.924  
0.938     8098.955  2910.335  
0.939     8102.065  2910.071  
0.939     8105.493  2909.081  
0.940     8108.865  2907.655  
0.940     8112.219  2905.989  
0.941     8115.742  2903.476  
0.941     8119.191  2900.663  
0.942     8122.768  2897.131  
0.942     8126.416  2892.932  
0.943     8129.886  2888.528  
0.943     8133.530  2883.219  
0.944     8137.094  2877.742  
0.944     8140.504  2871.859  
0.945     8143.892  2865.639  
0.945     8147.204  2859.236  
0.946     8150.368  2852.818  
0.946     8153.348  2846.398  
0.947     8156.054  2840.256  
0.948     8158.612  2834.397  
0.948     8160.824  2829.027  
0.949     8162.756  2824.210  
0.949     8164.425  2820.151  
0.950     8165.720  2816.778  
0.950     8166.581  2814.391  
0.951     8167.121  2812.900  
0.951     8167.390  2812.309  
0.952     8167.107  2812.878  
0.952     8166.500  2814.318  
0.953     8165.478  2816.879  
0.953     8164.288  2820.001  
0.954     8162.506  2824.343  
0.954     8160.563  2829.111  
0.955     8158.228  2834.530  
0.955     8155.650  2840.512  
0.956     8152.927  2846.636  
0.956     8149.825  2853.284  
0.957     8146.643  2859.735  
0.957     8143.266  2866.346  
0.958     8139.867  2872.597  
0.958     8136.255  2878.798  
0.959     8132.730  2884.388  
0.959     8129.060  2889.913  
0.960     8125.484  2894.652  
0.960     8121.825  2899.222  
0.961     8118.337  2902.952  
0.961     8114.768  2906.370  
0.962     8111.355  2909.048  
0.962     8107.931  2911.396  
0.963     8104.651  2912.970  
0.963     8101.402  2914.284  
0.964     8098.278  2914.890  
0.964     8095.088  2915.386  
0.965     8092.216  2915.067  
0.965     8089.199  2914.631  
0.966     8086.243  2913.864  
0.966     8083.370  2912.844  
0.967     8080.585  2911.552  
0.967     8077.610  2910.400  
0.968     8074.782  2908.929  
0.968     8071.860  2907.656  
0.969     8068.937  2906.530  
0.969     8065.903  2905.533  
0.970     8062.749  2904.947  
0.971     8059.626  2904.637  
0.971     8056.348  2904.722  
0.972     8052.899  2905.412  
0.972     8049.430  2906.578  
0.973     8045.856  2908.232  
0.973     8042.077  2910.630  
0.974     8038.239  2913.477  
0.974     8034.278  2916.942  
0.975     8030.271  2920.967  
0.975     8026.180  2925.303  
0.976     8021.991  2930.329  
0.976     8017.776  2935.542  
0.977     8013.555  2941.101  
0.977     8009.409  2946.751  
0.978     8005.207  2952.788  
0.978     8001.137  2958.550  
0.979     7997.129  2964.336  
0.979     7993.282  2970.034  
0.980     7989.585  2975.531  
0.980     7985.992  2980.800  
0.981     7982.706  2985.562  
0.981     7979.557  2990.235  
0.982     7976.719  2994.087  
0.982     7974.084  2997.860  
0.983     7971.824  3000.807  
0.983     7969.803  3003.379  
0.984     7968.068  3005.330  
0.984     7966.731  3006.537  
0.985     7965.716  3007.394  
0.985     7965.012  3007.452  
0.986     7964.631  3006.926  
0.986     7964.485  3005.900  
0.987     7964.809  3004.117  
0.987     7965.389  3001.776  
0.988     7966.153  2999.008  
0.988     7967.309  2995.660  
0.989     7968.689  2991.812  
0.989     7970.304  2987.612  
0.990     7972.149  2983.031  
0.990     7974.142  2978.275  
0.991     7976.280  2973.352  
0.991     7978.666  2968.304  
0.992     7980.981  2963.638  
0.992     7983.507  2958.576  
0.993     7985.971  2954.170  
0.994     7988.616  2949.863  
0.994     7991.194  2945.799  
0.995     7993.670  2942.462  
0.995     7996.188  2939.329  
0.996     7998.750  2936.674  
0.996     8001.046  2934.521  
0.997     8003.483  2932.658  
0.997     8005.793  2931.160  
0.998     8007.900  2930.027  
0.998     8010.127  2928.995  
0.999     8012.172  2928.213  
0.999     8014.151  2927.389  
1.000     8016.005  2926.602  
1.000     8017.905  2925.657  
1.001     8019.661  2924.657  
1.001     8021.272  2923.391  
1.002     8022.941  2921.744  
1.002     8024.365  2920.043  
1.003     8025.827  2917.909  
1.003     8027.128  2915.468  
1.004     8028.242  2913.010  
1.004     8029.351  2910.131  
1.005     8030.282  2907.189  
1.005     8030.949  2904.179  
1.006     8031.529  2901.249  
1.006     8032.005  2898.235  
1.007     8032.043  2895.587  
1.007     8031.948  2893.125  
1.008     8031.636  2891.048  
1.008     8031.094  2889.325  
1.009     8030.045  2888.546  
1.009     8029.081  2887.664  
1.010     8027.499  2887.998  
1.010     8025.821  2888.828  
1.011     8023.770  2890.466  
1.011     8021.422  2892.890  
1.012     8018.869  2896.008  
1.012     8015.957  2899.952  
1.013     8012.820  2904.592  
1.013     8009.541  2909.875  
1.014     8005.957  2915.729  
1.014     8002.262  2922.068  
1.015     7998.384  2928.987  
1.015     7994.468  2935.949  
1.016     7990.404  2943.313  
1.017     7986.287  2950.797  
1.017     7982.312  2957.957  
1.018     7978.201  2965.342  
1.018     7974.348  2972.246  
1.019     7970.512  2978.943  
1.019     7966.787  2985.280  
1.020     7963.336  2990.989  
1.020     7960.072  2996.453  
1.021     7957.044  3001.075  
1.021     7954.250  3005.426  
1.022     7951.837  3008.945  
1.022     7949.588  3012.159  
1.023     7947.818  3014.687  
1.023     7946.335  3016.740  
1.024     7945.068  3018.373  
1.024     7944.258  3019.490  
1.025     7943.806  3020.237  
1.025     7943.712  3020.463  
1.026     7944.011  3020.342  
1.026     7944.599  3019.864  
1.027     7945.569  3018.976  
1.027     7946.898  3017.747  
1.028     7948.662  3015.971  
1.028     7950.693  3013.902  
1.029     7953.006  3011.386  
1.029     7955.793  3008.302  
1.030     7958.730  3004.936  
1.030     7962.015  3001.006  
1.031     7965.574  2996.567  
1.031     7969.510  2991.650  
1.032     7973.523  2986.287  
1.032     7977.827  2980.452  
1.033     7982.277  2974.320  
1.033     7986.950  2967.748  
1.034     7991.694  2961.043  
1.034     7996.477  2954.058  
1.035     8001.412  2946.891  
1.035     8006.263  2939.944  
1.036     8011.192  2932.834  
1.036     8015.978  2926.155  
1.037     8020.788  2919.534  
1.037     8025.396  2913.337  
1.038     8029.935  2907.759  
1.038     8034.252  2902.466  
1.039     8038.446  2897.846  
1.040     8042.356  2894.154  
1.040     8046.174  2890.675  
1.041     8049.637  2888.265  
1.041     8052.920  2886.282  
1.042     8056.029  2885.080  
1.042     8058.803  2884.584  
1.043     8061.451  2884.440  
1.043     8063.708  2885.016  
1.044     8065.943  2885.829  
1.044     8067.853  2887.163  
1.045     8069.631  2888.598  
1.045     8071.088  2890.374  
1.046     8072.507  2892.126  
1.046     8073.771  2893.964  
1.047     8074.916  2895.635  
1.047     8075.821  2897.493  
1.048     8076.821  2898.860  
1.048     8077.946  2900.359  
1.049     8081.615  2901.046  
1.049     8090.304  2897.169  
1.050     8095.356  2894.826  
