Time      Mean      STD       
0.000     40000.000 3.162     
0.001     39999.929 3.185     
0.002     39999.712 3.265     
0.003     39999.340 3.429     
0.004     39998.797 3.722     
0.005     39998.060 4.200     
0.006     39997.097 4.922     
0.007     39995.867 5.945     
0.008     39994.317 7.324     
0.009     39992.381 9.124     
0.010     39989.977 11.421    
0.011     39987.000 14.313    
0.012     39983.324 17.920    
0.013     39978.792 22.397    
0.014     39973.210 27.932    
0.015     39966.339 34.760    
0.016     39957.887 43.169    
0.017     39947.493 53.517    
0.018     39934.716 66.237    
0.019     39919.013 81.866    
0.020     39899.719 101.056   
0.021     39876.020 124.604   
0.022     39846.919 153.483   
0.023     39811.196 188.874   
0.024     39767.363 232.207   
0.025     39713.608 285.212   
0.026     39647.723 349.969   
0.027     39567.032 428.964   
0.028     39468.297 525.155   
0.029     39347.619 642.028   
0.030     39200.319 783.650   
0.031     39020.820 954.706   
0.032     38802.522 1160.504  
0.033     38537.680 1406.927  
0.034     38217.311 1700.312  
0.035     37831.134 2047.221  
0.036     37367.598 2454.069  
0.037     36814.006 2926.577  
0.038     36156.810 3469.022  
0.039     35382.117 4083.297  
0.040     34476.461 4767.790  
0.041     33427.873 5516.203  
0.042     32227.266 6316.436  
0.043     30870.088 7149.771  
0.044     29358.134 7990.592  
0.045     27701.334 8806.920  
0.046     25919.253 9561.929  
0.047     24042.013 10216.541 
0.048     22110.341 10732.979 
0.049     20174.513 11078.993 
0.050     18292.140 11232.338 
0.051     16524.872 11184.958 
0.052     14934.334 10946.408 
0.053     13577.743 10546.059 
0.054     12503.724 10033.636 
0.055     11748.848 9477.328  
0.056     11335.268 8957.902  
0.057     11269.707 8556.603  
0.058     11543.784 8336.297  
0.059     12135.559 8321.937  
0.060     13011.976 8492.977  
0.061     14131.857 8794.528  
0.062     15449.091 9158.840  
0.063     16915.682 9523.429  
0.064     18484.424 9840.118  
0.065     20111.063 10076.828 
0.066     21755.859 10215.783 
0.067     23384.579 10250.530 
0.068     24968.960 10182.937 
0.069     26486.750 10020.578 
0.070     27921.415 9774.600  
0.071     29261.618 9458.057  
0.072     30500.565 9084.661  
0.073     31635.286 8667.888  
0.074     32665.915 8220.366  
0.075     33595.005 7753.492  
0.076     34426.914 7277.232  
0.077     35167.263 6800.051  
0.078     35822.485 6328.930  
0.079     36399.451 5869.459  
0.080     36905.181 5425.959  
0.081     37346.615 5001.628  
0.082     37730.456 4598.696  
0.083     38063.047 4218.575  
0.084     38350.305 3862.001  
0.085     38597.674 3529.161  
0.086     38810.114 3219.813  
0.087     38992.097 2933.382  
0.088     39147.626 2669.046  
0.089     39280.261 2425.807  
0.090     39393.145 2202.552  
0.091     39489.037 1998.096  
0.092     39570.353 1811.225  
0.093     39639.194 1640.719  
0.094     39697.382 1485.382  
0.095     39746.489 1344.050  
0.096     39787.872 1215.611  
0.097     39822.693 1099.007  
0.098     39851.946 993.241   
0.099     39876.481 897.380   
0.100     39897.019 810.556   
0.101     39914.173 731.964   
0.102     39928.458 660.862   
0.103     39940.309 596.567   
0.104     39950.090 538.457   
0.105     39958.102 485.965   
0.106     39964.594 438.582   
0.107     39969.765 395.855   
0.108     39973.774 357.392   
0.109     39976.741 322.875   
0.110     39978.753 292.068   
0.111     39979.862 264.857   
0.112     39980.090 241.286   
0.113     39979.424 221.633   
0.114     39977.821 206.484   
0.115     39975.201 196.803   
0.116     39971.444 193.906   
0.117     39966.389 199.278   
0.118     39959.823 214.258   
0.119     39951.476 239.832   
0.120     39941.014 276.696   
0.121     39928.023 325.522   
0.122     39912.001 387.186   
0.123     39892.346 462.886   
0.124     39868.334 554.153   
0.125     39839.112 662.807   
0.126     39803.675 790.903   
0.127     39760.858 940.652   
0.128     39709.315 1114.345  
0.129     39647.516 1314.268  
0.130     39573.738 1542.602  
0.131     39486.071 1801.324  
0.132     39382.427 2092.094  
0.133     39260.562 2416.151  
0.134     39118.116 2774.202  
0.135     38952.655 3166.323  
0.136     38761.744 3591.881  
0.137     38543.017 4049.466  
0.138     38294.273 4536.860  
0.139     38013.573 5051.028  
0.140     37699.350 5588.153  
0.141     37350.518 6143.698  
0.142     36966.572 6712.515  
0.143     36547.692 7288.989  
0.144     36094.819 7867.212  
0.145     35609.723 8441.204  
0.146     35095.045 9005.127  
0.147     34554.320 9553.510  
0.148     33991.977 10081.400 
0.149     33413.321 10584.405 
0.150     32824.488 11058.563 
0.151     32232.364 11500.020 
0.152     31644.461 11904.554 
0.153     31068.701 12267.077 
0.154     30513.116 12581.293 
0.155     29985.406 12839.728 
0.156     29492.399 13034.247 
0.157     29039.418 13157.111 
0.158     28629.649 13202.442 
0.159     28263.611 13167.892 
0.160     27938.833 13056.221 
0.161     27649.842 12876.500 
0.162     27388.529 12644.654 
0.163     27144.869 12383.066 
0.164     26907.953 12119.038 
0.165     26667.199 11881.977 
0.166     26413.582 11699.496 
0.167     26140.735 11593.048 
0.168     25845.777 11574.227 
0.169     25529.763 11642.984 
0.170     25197.729 11788.439 
0.171     24858.334 11991.920 
0.172     24523.175 12231.068 
0.173     24205.857 12483.686 
0.174     23920.941 12730.528 
0.175     23682.877 12956.769 
0.176     23505.021 13152.357 
0.177     23398.814 13311.577 
0.178     23373.172 13432.165 
0.179     23434.097 13514.258 
0.180     23584.524 13559.386 
0.181     23824.368 13569.620 
0.182     24150.747 13546.963 
0.183     24558.325 13492.984 
0.184     25039.750 13408.682 
0.185     25586.128 13294.536 
0.186     26187.511 13150.660 
0.187     26833.364 12977.024 
0.188     27512.984 12773.673 
0.189     28215.865 12540.923 
0.190     28932.001 12279.490 
0.191     29652.120 11990.576 
0.192     30367.844 11675.878 
0.193     31071.803 11337.568 
0.194     31757.684 10978.224 
0.195     32420.243 10600.742 
0.196     33055.271 10208.240 
0.197     33659.543 9803.956  
0.198     34230.740 9391.152  
0.199     34767.358 8973.031  
0.200     35268.614 8552.665  
0.201     35734.341 8132.936  
0.202     36164.896 7716.497  
0.203     36561.062 7305.741  
0.204     36923.960 6902.787  
0.205     37254.972 6509.475  
0.206     37555.666 6127.370  
0.207     37827.737 5757.781  
0.208     38072.946 5401.777  
0.209     38293.079 5060.218  
0.210     38489.908 4733.791  
0.211     38665.155 4423.049  
0.212     38820.471 4128.463  
0.213     38957.413 3850.477  
0.214     39077.429 3589.579  
0.215     39181.847 3346.376  
0.216     39271.868 3121.688  
0.217     39348.559 2916.642  
0.218     39412.851 2732.771  
0.219     39465.540 2572.088  
0.220     39507.288 2437.109  
0.221     39538.624 2330.770  
0.222     39559.951 2256.200  
0.223     39571.552 2216.325  
0.224     39573.594 2213.375  
0.225     39566.141 2248.426  
0.226     39549.161 2321.179  
0.227     39522.537 2430.040  
0.228     39486.080 2572.458  
0.229     39439.540 2745.356  
0.230     39382.625 2945.511  
0.231     39315.010 3169.803  
0.232     39236.358 3415.337  
0.233     39146.331 3679.476  
0.234     39044.613 3959.808  
0.235     38930.918 4254.100  
0.236     38805.013 4560.257  
0.237     38666.730 4876.284  
0.238     38515.979 5200.273  
0.239     38352.762 5530.384  
0.240     38177.181 5864.833  
0.241     37989.455 6201.871  
0.242     37789.918 6539.766  
0.243     37579.032 6876.798  
0.244     37357.386 7211.270  
0.245     37125.694 7541.537  
0.246     36884.794 7866.045  
0.247     36635.639 8183.355  
0.248     36379.290 8492.170  
0.249     36116.909 8791.330  
0.250     35849.747 9079.805  
0.251     35579.132 9356.698  
0.252     35306.461 9621.276  
0.253     35033.186 9873.019  
0.254     34760.802 10111.664 
0.255     34490.849 10337.178 
0.256     34224.905 10549.602 
0.257     33964.589 10748.772 
0.258     33711.545 10933.965 
0.259     33467.405 11103.635 
0.260     33233.717 11255.401 
0.261     33011.831 11386.422 
0.262     32802.757 11494.161 
0.263     32607.033 11577.419 
0.264     32424.630 11637.346 
0.265     32254.957 11678.139 
0.266     32096.982 11707.098 
0.267     31949.478 11733.865 
0.268     31811.377 11768.856 
0.269     31682.157 11821.133 
0.270     31562.188 11896.204 
0.271     31452.962 11994.338 
0.272     31357.122 12109.891 
0.273     31278.273 12231.838 
0.274     31220.563 12345.326 
0.275     31188.097 12433.828 
0.276     31184.252 12481.415 
0.277     31211.000 12474.765 
0.278     31268.338 12404.719 
0.279     31353.908 12267.353 
0.280     31462.865 12064.596 
0.281     31588.019 11804.469 
0.282     31720.228 11500.980 
0.283     31849.008 11173.619 
0.284     31963.280 10846.350 
0.285     32052.187 10545.921 
0.286     32105.890 10299.327 
0.287     32116.272 10130.514 
0.288     32077.501 10056.805 
0.289     31986.408 10086.019 
0.290     31842.655 10215.318 
0.291     31648.721 10432.270 
0.292     31409.692 10717.677 
0.293     31132.919 11049.106 
0.294     30827.551 11404.061 
0.295     30504.015 11762.245 
0.296     30173.465 12106.820 
0.297     29847.232 12424.866 
0.298     29536.332 12707.296 
0.299     29251.024 12948.456 
0.300     29000.452 13145.561 
0.301     28792.382 13298.085 
0.302     28633.018 13407.154 
0.303     28526.908 13475.003 
0.304     28476.937 13504.497 
0.305     28484.371 13498.758 
0.306     28548.970 13460.873 
0.307     28669.137 13393.702 
0.308     28842.095 13299.768 
0.309     29064.087 13181.221 
0.310     29330.576 13039.855 
0.311     29636.446 12877.165 
0.312     29976.195 12694.431 
0.313     30344.108 12492.808 
0.314     30734.417 12273.414 
0.315     31141.438 12037.415 
0.316     31559.682 11786.086 
0.317     31983.948 11520.865 
0.318     32409.396 11243.382 
0.319     32831.596 10955.477 
0.320     33246.559 10659.203 
0.321     33650.758 10356.815 
0.322     34041.131 10050.756 
0.323     34415.069 9743.641  
0.324     34770.407 9438.234  
0.325     35105.395 9137.409  
0.326     35418.674 8844.099  
0.327     35709.241 8561.245  
0.328     35976.419 8291.769  
0.329     36219.820 8038.554  
0.330     36439.311 7804.418  
0.331     36634.984 7592.030  
0.332     36807.125 7403.752  
0.333     36956.193 7241.468  
0.334     37082.784 7106.471  
0.335     37187.612 6999.476  
0.336     37271.470 6920.738  
0.337     37335.221 6870.198  
0.338     37379.772 6847.522  
0.339     37406.075 6851.995  
0.340     37415.123 6882.324  
0.341     37407.949 6936.482  
0.342     37385.618 7011.728  
0.343     37349.210 7104.853  
0.344     37299.799 7212.583  
0.345     37238.427 7331.996  
0.346     37166.089 7460.798  
0.347     37083.728 7597.389  
0.348     36992.245 7740.699  
0.349     36892.516 7889.895  
0.350     36785.418 8044.071  
0.351     36671.847 8202.029  
0.352     36552.725 8362.207  
0.353     36429.002 8522.754  
0.354     36301.638 8681.690  
0.355     36171.578 8837.119  
0.356     36039.722 8987.416  
0.357     35906.905 9131.405  
0.358     35773.872 9268.477  
0.359     35641.273 9398.647  
0.360     35509.673 9522.500  
0.361     35379.573 9640.976  
0.362     35251.451 9755.025  
0.363     35125.788 9865.178  
0.364     35003.099 9971.202  
0.365     34883.921 10071.980 
0.366     34768.787 10165.742 
0.367     34658.161 10250.624 
0.368     34552.379 10325.433 
0.369     34451.598 10390.351 
0.370     34355.798 10447.323 
0.371     34264.837 10499.912 
0.372     34178.570 10552.571 
0.373     34096.998 10609.435 
0.374     34020.413 10672.961 
0.375     33949.489 10742.799 
0.376     33885.284 10815.281 
0.377     33829.125 10883.729 
0.378     33782.383 10939.543 
0.379     33746.166 10973.836 
0.380     33721.002 10979.249 
0.381     33706.559 10951.618 
0.382     33701.477 10891.200 
0.383     33703.359 10803.302 
0.384     33708.945 10698.159 
0.385     33714.442 10590.015 
0.386     33715.990 10495.402 
0.387     33710.182 10430.745 
0.388     33694.570 10409.628 
0.389     33668.084 10440.277 
0.390     33631.295 10523.910 
0.391     33586.496 10654.392 
0.392     33537.565 10819.259 
0.393     33489.650 11001.709 
0.394     33448.685 11182.960 
0.395     33420.817 11344.422 
0.396     33411.793 11469.395 
0.397     33426.366 11544.198 
0.398     33467.796 11558.803 
0.399     33537.475 11507.128 
0.400     33634.716 11387.093 
0.401     33756.710 11200.578 
0.402     33898.656 10953.333 
0.403     34054.033 10654.877 
0.404     34214.998 10318.382 
0.405     34372.860 9960.480  
0.406     34518.596 9600.891  
0.407     34643.371 9261.698  
0.408     34739.027 8966.073  
0.409     34798.501 8736.295  
0.410     34816.171 8591.138  
0.411     34788.092 8543.094  
0.412     34712.140 8596.306  
0.413     34588.049 8746.035  
0.414     34417.354 8979.930  
0.415     34203.255 9280.564  
0.416     33950.416 9628.293  
0.417     33664.713 10003.671 
0.418     33352.949 10389.097 
0.419     33022.559 10769.694 
0.420     32681.314 11133.621 
0.421     32337.037 11471.984 
0.422     31997.351 11778.528 
0.423     31669.450 12049.235 
0.424     31359.918 12281.946 
0.425     31074.567 12476.050 
0.426     30818.336 12632.237 
0.427     30595.215 12752.245 
0.428     30408.227 12838.541 
0.429     30259.439 12893.934 
0.430     30150.009 12921.198 
0.431     30080.235 12922.823 
0.432     30049.622 12900.988 
0.433     30056.947 12857.759 
0.434     30100.335 12795.364 
0.435     30177.353 12716.379 
0.436     30285.139 12623.664 
0.437     30420.534 12520.020 
0.438     30580.227 12407.706 
0.439     30760.867 12288.040 
0.440     30959.135 12161.307 
0.441     31171.770 12027.083 
0.442     31395.559 11884.883 
0.443     31627.323 11734.915 
0.444     31863.919 11578.636 
0.445     32102.291 11418.901 
0.446     32339.553 11259.589 
0.447     32573.105 11104.832 
0.448     32800.744 10958.068 
0.449     33020.737 10821.232 
0.450     33231.835 10694.378 
0.451     33433.221 10575.826 
0.452     33624.401 10462.816 
0.453     33805.065 10352.443 
0.454     33974.952 10242.615 
0.455     34133.747 10132.762 
0.456     34281.035 10024.159 
0.457     34416.317 9919.770  
0.458     34539.081 9823.677  
0.459     34648.905 9740.223  
0.460     34745.569 9673.067  
0.461     34829.142 9624.398  
0.462     34900.037 9594.502  
0.463     34959.004 9581.787  
0.464     35007.087 9583.205  
0.465     35045.539 9594.909  
0.466     35075.717 9612.910  
0.467     35098.987 9633.566  
0.468     35116.632 9653.825  
0.469     35129.782 9671.278  
0.470     35139.361 9684.148  
0.471     35146.048 9691.345  
0.472     35150.259 9692.633  
0.473     35152.149 9688.871  
0.474     35151.645 9682.177  
0.475     35148.516 9675.858  
0.476     35142.477 9673.969  
0.477     35133.322 9680.496  
0.478     35121.041 9698.323  
0.479     35105.925 9728.261  
0.480     35088.596 9768.472  
0.481     35069.968 9814.524  
0.482     35051.123 9860.144  
0.483     35033.128 9898.499  
0.484     35016.833 9923.722  
0.485     35002.687 9932.312  
0.486     34990.627 9924.128  
0.487     34980.074 9902.730  
0.488     34970.040 9874.990  
0.489     34959.336 9849.954  
0.490     34946.857 9837.120  
0.491     34931.868 9844.432  
0.492     34914.258 9876.419  
0.493     34894.688 9932.946  
0.494     34874.614 10008.906 
0.495     34856.155 10094.909 
0.496     34841.842 10178.768 
0.497     34834.252 10247.371 
0.498     34835.609 10288.569 
0.499     34847.396 10292.804 
0.500     34870.039 10254.324 
0.501     34902.716 10171.969 
0.502     34943.314 10049.538 
0.503     34988.548 9895.738  
0.504     35034.237 9723.705  
0.505     35075.685 9550.045  
0.506     35108.145 9393.328  
0.507     35127.307 9272.053  
0.508     35129.743 9202.206  
0.509     35113.285 9194.828  
0.510     35077.284 9254.183  
0.511     35022.724 9377.088  
0.512     34952.201 9553.635  
0.513     34869.741 9769.001  
0.514     34780.517 10005.722 
0.515     34690.460 10245.816 
0.516     34605.824 10472.375 
0.517     34532.730 10670.576 
0.518     34476.718 10828.231 
0.519     34442.358 10936.046 
0.520     34432.923 10987.720 
0.521     34450.160 10979.934 
0.522     34494.172 10912.224 
0.523     34563.412 10786.756 
0.524     34654.781 10608.015 
0.525     34763.809 10382.525 
0.526     34884.907 10118.670 
0.527     35011.647 9826.689  
0.528     35137.072 9518.811  
0.529     35254.018 9209.374  
0.530     35355.433 8914.698  
0.531     35434.694 8652.458  
0.532     35485.894 8440.349  
0.533     35504.099 8294.102  
0.534     35485.541 8225.194  
0.535     35427.735 8238.957  
0.536     35329.521 8333.817  
0.537     35191.022 8502.002  
0.538     35013.540 8731.459  
0.539     34799.416 9008.226  
0.540     34551.863 9318.514  
0.541     34274.818 9650.041  
0.542     33972.814 9992.540  
0.543     33650.874 10337.586 
0.544     33314.435 10678.052 
0.545     32969.251 11007.484 
0.546     32621.293 11319.648 
0.547     32276.592 11608.410 
0.548     31941.038 11867.979 
0.549     31620.153 12093.435 
0.550     31318.841 12281.385 
0.551     31041.184 12430.558 
0.552     30790.295 12542.162 
0.553     30568.281 12619.872 
0.554     30376.304 12669.402 
0.555     30214.753 12697.705 
0.556     30083.472 12711.899 
0.557     29982.013 12718.141 
0.558     29909.863 12720.659 
0.559     29866.585 12721.166 
0.560     29851.877 12718.790 
0.561     29865.514 12710.508 
0.562     29907.211 12691.970 
0.563     29976.441 12658.507 
0.564     30072.238 12606.119 
0.565     30193.041 12532.267 
0.566     30336.612 12436.392 
0.567     30500.037 12320.137 
0.568     30679.826 12187.263 
0.569     30872.094 12043.304 
0.570     31072.799 11894.962 
0.571     31278.018 11749.294 
0.572     31484.206 11612.767 
0.573     31688.416 11490.330 
0.574     31888.444 11384.692 
0.575     32082.882 11295.987 
0.576     32271.076 11221.948 
0.577     32453.005 11158.539 
0.578     32629.098 11100.899 
0.579     32800.038 11044.311 
0.580     32966.586 10984.969 
0.581     33129.429 10920.357 
0.582     33289.102 10849.205 
0.583     33445.938 10771.126 
0.584     33600.062 10686.104 
0.585     33751.390 10594.070 
0.586     33899.627 10494.741 
0.587     34044.256 10387.808 
0.588     34184.515 10273.436 
0.589     34319.392 10152.908 
0.590     34447.654 10029.182 
0.591     34567.919 9907.139  
0.592     34678.789 9793.318  
0.593     34779.023 9695.099  
0.594     34867.734 9619.405  
0.595     34944.569 9571.187  
0.596     35009.832 9552.076  
0.597     35064.524 9559.617  
0.598     35110.271 9587.367  
0.599     35149.148 9625.843  
0.600     35183.418 9664.107  
0.601     35215.231 9691.568  
0.602     35246.318 9699.658  
0.603     35277.752 9683.134  
0.604     35309.795 9640.889  
0.605     35341.873 9576.234  
0.606     35372.684 9496.623  
0.607     35400.422 9412.794  
0.608     35423.090 9337.313  
0.609     35438.850 9282.640  
0.610     35446.373 9258.984  
0.611     35445.109 9272.405  
0.612     35435.462 9323.635  
0.613     35418.827 9407.944  
0.614     35397.497 9516.001  
0.615     35374.444 9635.407  
0.616     35353.016 9752.425  
0.617     35336.571 9853.552  
0.618     35328.103 9926.768  
0.619     35329.893 9962.470  
0.620     35343.209 9954.185  
0.621     35368.108 9899.141  
0.622     35403.346 9798.684  
0.623     35446.424 9658.501  
0.624     35493.758 9488.517  
0.625     35540.973 9302.376  
0.626     35583.281 9116.427  
0.627     35615.890 8948.219  
0.628     35634.421 8814.616  
0.629     35635.264 8729.802  
0.630     35615.861 8703.546  
0.631     35574.888 8740.146  
0.632     35512.338 8838.294  
0.633     35429.516 8991.815  
0.634     35328.957 9190.963  
0.635     35214.291 9423.803  
0.636     35090.057 9677.374  
0.637     34961.481 9938.491  
0.638     34834.216 10194.235 
0.639     34714.050 10432.306 
0.640     34606.582 10641.364 
0.641     34516.883 10811.458 
0.642     34449.169 10934.525 
0.643     34406.501 11004.908 
0.644     34390.572 11019.773 
0.645     34401.583 10979.336 
0.646     34438.249 10886.824 
0.647     34497.908 10748.149 
0.648     34576.748 10571.356 
0.649     34670.081 10365.893 
0.650     34772.663 10141.868 
0.651     34878.990 9909.375  
0.652     34983.568 9677.997  
0.653     35081.119 9456.526  
0.654     35166.731 9252.866  
0.655     35235.960 9074.044  
0.656     35284.888 8926.243  
0.657     35310.156 8814.772  
0.658     35308.977 8743.951  
0.659     35279.150 8716.933  
0.660     35219.070 8735.520  
0.661     35127.733 8800.051  
0.662     35004.751 8909.395  
0.663     34850.369 9061.078  
0.664     34665.481 9251.481  
0.665     34451.660 9476.060  
0.666     34211.171 9729.522  
0.667     33946.993 10005.917 
0.668     33662.815 10298.662 
0.669     33363.007 10600.560 
0.670     33052.549 10903.887 
0.671     32736.906 11200.608 
0.672     32421.845 11482.742 
0.673     32113.213 11742.838 
0.674     31816.673 11974.480 
0.675     31537.438 12172.712 
0.676     31280.027 12334.332 
0.677     31048.059 12457.993 
0.678     30844.125 12544.153 
0.679     30669.714 12594.906 
0.680     30525.235 12613.763 
0.681     30410.099 12605.426 
0.682     30322.867 12575.566 
0.683     30261.452 12530.577 
0.684     30223.362 12477.240 
0.685     30205.960 12422.260 
0.686     30206.727 12371.640 
0.687     30223.495 12329.981 
0.688     30254.619 12299.841 
0.689     30299.072 12281.345 
0.690     30356.443 12272.201 
0.691     30426.840 12268.145 
0.692     30510.718 12263.756 
0.693     30608.664 12253.425 
0.694     30721.176 12232.292 
0.695     30848.485 12196.938 
0.696     30990.422 12145.745 
0.697     31146.382 12078.859 
0.698     31315.345 11997.802 
0.699     31495.963 11904.820 
0.700     31686.665 11802.121 
0.701     31885.758 11691.196 
0.702     32091.494 11572.408 
0.703     32302.085 11444.998 
0.704     32515.670 11307.532 
0.705     32730.249 11158.710 
0.706     32943.630 10998.314 
0.707     33153.394 10828.056 
0.708     33356.938 10652.057 
0.709     33551.585 10476.807 
0.710     33734.760 10310.561 
0.711     33904.213 10162.233 
0.712     34058.247 10040.000 
0.713     34195.908 9949.894  
0.714     34317.115 9894.676  
0.715     34422.700 9873.218  
0.716     34514.346 9880.528  
0.717     34594.432 9908.347  
0.718     34665.792 9946.184  
0.719     34731.423 9982.583  
0.720     34794.151 10006.463 
0.721     34856.322 10008.388 
0.722     34919.520 9981.709  
0.723     34984.380 9923.455  
0.724     35050.511 9834.931  
0.725     35116.553 9721.872  
0.726     35180.361 9594.092  
0.727     35239.304 9464.519  
0.728     35290.640 9347.629  
0.729     35331.907 9257.397  
0.730     35361.287 9205.064  
0.731     35377.885 9197.202  
0.732     35381.892 9234.554  
0.733     35374.606 9312.018  
0.734     35358.322 9419.720  
0.735     35336.103 9544.838  
0.736     35311.471 9673.627  
0.737     35288.068 9793.198  
0.738     35269.314 9892.760  
0.739     35258.121 9964.267  
0.740     35256.659 10002.533 
0.741     35266.220 10005.002 
0.742     35287.139 9971.329  
0.743     35318.795 9902.975  
0.744     35359.659 9802.925  
0.745     35407.382 9675.584  
0.746     35458.918 9526.849  
0.747     35510.678 9364.244  
0.748     35558.715 9197.010  
0.749     35598.936 9035.993  
0.750     35627.336 8893.208  
0.751     35640.247 8781.034  
0.752     35634.581 8711.037  
0.753     35608.064 8692.616  
0.754     35559.420 8731.706  
0.755     35488.516 8829.873  
0.756     35396.439 8984.012  
0.757     35285.506 9186.707  
0.758     35159.198 9427.105  
0.759     35022.016 9692.054  
0.760     34879.265 9967.283  
0.761     34736.778 10238.467 
0.762     34600.582 10492.131 
0.763     34476.539 10716.360 
0.764     34369.985 10901.343 
0.765     34285.396 11039.728 
0.766     34226.117 11126.827 
0.767     34194.164 11160.661 
0.768     34190.136 11141.868 
0.769     34213.218 11073.497 
0.770     34261.296 10960.686 
0.771     34331.139 10810.257 
0.772     34418.648 10630.232 
0.773     34519.132 10429.310 
0.774     34627.580 10216.350 
0.775     34738.916 9999.932  
0.776     34848.210 9788.033  
0.777     34950.835 9587.881  
0.778     35042.590 9405.953  
0.779     35119.764 9248.069  
0.780     35179.193 9119.457  
0.781     35218.290 9024.675  
0.782     35235.071 8967.320  
0.783     35228.172 8949.587  
0.784     35196.859 8971.821  
0.785     35141.009 9032.282  
0.786     35061.071 9127.278  
0.787     34958.001 9251.659  
0.788     34833.170 9399.543  
0.789     34688.276 9565.014  
0.790     34525.248 9742.622  
0.791     34346.166 9927.573  
0.792     34153.204 10115.679 
0.793     33948.562 10303.204 
0.794     33734.426 10486.781 
0.795     33512.905 10663.493 
0.796     33285.983 10831.139 
0.797     33055.479 10988.552 
0.798     32823.036 11135.853 
0.799     32590.143 11274.460 
0.800     32358.208 11406.804 
0.801     32128.663 11535.761 
0.802     31903.088 11663.932 
0.803     31683.328 11792.942 
0.804     31471.570 11922.931 
0.805     31270.369 12052.357 
0.806     31082.592 12178.135 
0.807     30911.304 12296.059 
0.808     30759.587 12401.408 
0.809     30630.336 12489.609 
0.810     30526.042 12556.866 
0.811     30448.606 12600.651 
0.812     30399.208 12620.031 
0.813     30378.244 12615.765 
0.814     30385.340 12590.165 
0.815     30419.449 12546.729 
0.816     30478.996 12489.571 
0.817     30562.056 12422.741 
0.818     30666.537 12349.519 
0.819     30790.323 12271.849 
0.820     30931.361 12189.998 
0.821     31087.677 12102.557 
0.822     31257.331 12006.817 
0.823     31438.303 11899.469 
0.824     31628.371 11777.545 
0.825     31824.997 11639.425 
0.826     32025.260 11485.731 
0.827     32225.879 11319.921 
0.828     32423.330 11148.407 
0.829     32614.059 10980.105 
0.830     32794.762 10825.393 
0.831     32962.693 10694.568 
0.832     33115.961 10596.065 
0.833     33253.739 10534.794 
0.834     33376.374 10511.015 
0.835     33485.357 10520.052 
0.836     33583.154 10552.939 
0.837     33672.913 10597.799 
0.838     33758.095 10641.625 
0.839     33842.063 10672.055 
0.840     33927.692 10678.869 
0.841     34017.049 10655.042 
0.842     34111.177 10597.310 
0.843     34210.012 10506.303 
0.844     34312.424 10386.299 
0.845     34416.384 10244.685 
0.846     34519.216 10091.198 
0.847     34617.908 9936.981  
0.848     34709.443 9793.518  
0.849     34791.110 9671.481  
0.850     34860.773 9579.597  
0.851     34917.073 9523.665  
0.852     34959.551 9505.887  
0.853     34988.675 9524.671  
0.854     35005.792 9574.970  
0.855     35012.995 9649.088  
0.856     35012.933 9737.779  
0.857     35008.587 9831.398  
0.858     35003.022 9920.909  
0.859     34999.169 9998.608  
0.860     34999.617 10058.516 
0.861     35006.465 10096.482 
0.862     35021.219 10110.056 
0.863     35044.728 10098.236 
0.864     35077.174 10061.184 
0.865     35118.083 9999.989  
0.866     35166.367 9916.537  
0.867     35220.374 9813.518  
0.868     35277.966 9694.524  
0.869     35336.607 9564.190  
0.870     35393.473 9428.275  
0.871     35445.580 9293.585  
0.872     35489.935 9167.702  
0.873     35523.689 9058.479  
0.874     35544.292 8973.390  
0.875     35549.635 8918.823  
0.876     35538.166 8899.457  
0.877     35508.977 8917.830  
0.878     35461.848 8974.177  
0.879     35397.266 9066.528  
0.880     35316.406 9191.031  
0.881     35221.084 9342.437  
0.882     35113.692 9514.649  
0.883     34997.112 9701.241  
0.884     34874.624 9895.876  
0.885     34749.808 10092.554 
0.886     34626.444 10285.678 
0.887     34508.406 10469.976 
0.888     34399.556 10640.347 
0.889     34303.614 10791.736 
0.890     34224.022 10919.120 
0.891     34163.786 11017.671 
0.892     34125.313 11083.080 
0.893     34110.259 11111.986 
0.894     34119.401 11102.383 
0.895     34152.571 11053.900 
0.896     34208.636 10967.857 
0.897     34285.555 10847.100 
0.898     34380.486 10695.657 
0.899     34489.926 10518.343 
0.900     34609.874 10320.423 
0.901     34735.988 10107.461 
0.902     34863.730 9885.365  
0.903     34988.501 9660.603  
0.904     35105.765 9440.451  
0.905     35211.177 9233.100  
0.906     35300.714 9047.448  
0.907     35370.806 8892.448  
0.908     35418.462 8776.081  
0.909     35441.369 8704.139  
0.910     35437.945 8679.211  
0.911     35407.336 8700.265  
0.912     35349.352 8763.043  
0.913     35264.353 8861.197  
0.914     35153.106 8987.833  
0.915     35016.655 9136.974  
0.916     34856.226 9304.543  
0.917     34673.197 9488.625  
0.918     34469.138 9688.998  
0.919     34245.914 9906.125  
0.920     34005.821 10139.898 
0.921     33751.709 10388.543 
0.922     33487.055 10647.961 
0.923     33215.963 10911.687 
0.924     32943.045 11171.454 
0.925     32673.220 11418.178 
0.926     32411.434 11643.134 
0.927     32162.343 11839.080 
0.928     31930.022 12001.132 
0.929     31717.723 12127.280 
0.930     31527.746 12218.501 
0.931     31361.412 12278.471 
0.932     31219.161 12312.927 
0.933     31100.740 12328.779 
0.934     31005.445 12333.076 
0.935     30932.385 12331.978 
0.936     30880.709 12329.865 
0.937     30849.762 12328.746 
0.938     30839.158 12328.043 
0.939     30848.742 12324.802 
0.940     30878.459 12314.297 
0.941     30928.160 12290.934 
0.942     30997.368 12249.299 
0.943     31085.060 12185.215 
0.944     31189.502 12096.643 
0.945     31308.174 11984.302 
0.946     31437.815 11851.936 
0.947     31574.574 11706.167 
0.948     31714.275 11555.934 
0.949     31852.745 11411.554 
0.950     31986.170 11283.502 
0.951     32111.440 11181.047 
0.952     32226.431 11110.944 
0.953     32330.190 11076.411 
0.954     32423.014 11076.585 
0.955     32506.390 11106.580 
0.956     32582.827 11158.118 
0.957     32655.574 11220.596 
0.958     32728.274 11282.384 
0.959     32804.571 11332.104 
0.960     32887.734 11359.742 
0.961     32980.312 11357.467 
0.962     33083.874 11320.167 
0.963     33198.845 11245.719 
0.964     33324.459 11135.039 
0.965     33458.820 10991.949 
0.966     33599.065 10822.898 
0.967     33741.606 10636.541 
0.968     33882.434 10443.194 
0.969     34017.439 10254.146 
0.970     34142.733 10080.825 
0.971     34254.952 9933.860  
0.972     34351.501 9822.126  
0.973     34430.742 9751.882  
0.974     34492.115 9726.123  
0.975     34536.175 9744.221  
0.976     34564.570 9801.921  
0.977     34579.925 9891.723  
0.978     34585.672 10003.630 
0.979     34585.810 10126.138 
0.980     34584.620 10247.317 
0.981     34586.356 10355.794 
0.982     34594.936 10441.547 
0.983     34613.658 10496.488 
0.984     34644.961 10514.845 
0.985     34690.262 10493.380 
0.986     34749.867 10431.437 
0.987     34822.968 10330.820 
0.988     34907.725 10195.519 
0.989     35001.410 10031.352 
0.990     35100.598 9845.570  
0.991     35201.388 9646.500  
0.992     35299.627 9443.207  
0.993     35391.129 9245.169  
0.994     35471.870 9061.931  
0.995     35538.173 8902.741  
0.996     35586.849 8776.181  
0.997     35615.328 8689.765  
0.998     35621.764 8649.489  
0.999     35605.118 8659.267  
1.000     35565.236 8720.321  
