Time      Mean      STD       
0.000     39998.986 0.709     
0.000     39998.986 0.709     
0.000     39998.987 0.709     
0.000     39998.987 0.708     
0.000     39998.986 0.708     
0.000     39998.983 0.711     
0.000     39998.976 0.718     
0.001     39998.928 0.769     
0.001     39998.845 0.860     
0.002     39998.724 0.988     
0.002     39998.565 1.147     
0.003     39998.366 1.339     
0.003     39998.124 1.565     
0.004     39997.673 1.970     
0.004     39997.115 2.461     
0.005     39996.433 3.048     
0.006     39995.622 3.742     
0.006     39994.659 4.557     
0.008     39992.240 6.596     
0.009     39988.999 9.310     
0.010     39984.678 12.926    
0.012     39978.946 17.721    
0.013     39971.361 24.065    
0.014     39961.358 32.416    
0.016     39948.002 43.687    
0.017     39930.762 57.992    
0.018     39906.509 78.450    
0.020     39876.964 102.798   
0.021     39836.036 136.955   
0.022     39783.457 180.273   
0.024     39668.592 274.543   
0.026     39494.257 416.310   
0.028     39229.440 631.377   
0.031     38830.926 950.651   
0.033     38235.437 1418.226  
0.035     37360.902 2081.865  
0.037     36092.025 2999.517  
0.038     34819.635 3868.408  
0.040     33207.396 4890.550  
0.041     31211.338 6045.947  
0.043     28815.452 7266.860  
0.044     26038.895 8458.652  
0.046     22970.295 9483.546  
0.047     19761.347 10205.606 
0.049     16638.511 10506.076 
0.050     14532.396 10424.980 
0.051     12727.909 10104.303 
0.052     11318.099 9605.639  
0.053     10381.982 9008.347  
0.054     9973.714  8428.895  
0.055     10097.356 7989.484  
0.057     10721.559 7779.563  
0.058     11795.079 7813.771  
0.059     13240.420 8046.857  
0.060     14474.253 8286.290  
0.060     15824.244 8545.946  
0.061     17254.880 8795.914  
0.062     18729.746 9018.890  
0.063     20221.393 9197.442  
0.064     21706.552 9315.892  
0.065     23161.600 9374.387  
0.065     24571.170 9366.158  
0.066     25921.663 9297.525  
0.067     27202.704 9171.123  
0.068     28409.216 8991.163  
0.069     29535.136 8764.351  
0.069     30579.655 8496.503  
0.070     31543.542 8197.550  
0.071     32427.847 7873.194  
0.072     33235.309 7530.019  
0.073     33968.515 7177.315  
0.073     34632.344 6820.945  
0.074     35230.303 6467.150  
0.076     36107.055 5888.067  
0.077     36831.243 5353.119  
0.078     37424.160 4882.979  
0.080     37907.367 4474.962  
0.081     38300.155 4118.958  
0.083     38619.214 3789.321  
0.084     38878.876 3463.223  
0.085     39090.437 3128.768  
0.087     39262.494 2788.564  
0.088     39401.640 2462.214  
0.089     39512.551 2178.769  
0.091     39599.970 1967.391  
0.092     39667.662 1849.479  
0.094     39719.700 1819.233  
0.095     39759.741 1846.493  
0.096     39791.462 1882.604  
0.098     39817.624 1891.272  
0.099     39840.541 1850.125  
0.100     39861.781 1744.504  
0.102     39881.514 1590.804  
0.103     39899.865 1402.472  
0.105     39916.329 1199.130  
0.106     39930.532 998.721   
0.109     39951.446 640.349   
0.111     39958.737 455.335   
0.113     39959.971 321.689   
0.115     39954.720 236.305   
0.117     39941.726 205.936   
0.119     39918.661 239.975   
0.121     39881.684 334.788   
0.123     39825.547 488.613   
0.124     39741.451 718.258   
0.126     39617.305 1048.246  
0.128     39437.941 1504.371  
0.130     39181.721 2122.070  
0.132     38825.489 2914.036  
0.134     38342.062 3875.991  
0.137     37287.854 5593.933  
0.140     35793.604 7404.263  
0.143     33820.668 9169.842  
0.146     31922.530 10493.316 
0.148     29808.977 11664.849 
0.150     27610.642 12582.392 
0.152     25951.448 13075.039 
0.154     24450.743 13358.469 
0.156     23199.273 13448.308 
0.158     22277.394 13371.945 
0.160     21726.584 13176.829 
0.162     21555.971 12921.323 
0.163     21670.864 12720.729 
0.165     21976.767 12550.776 
0.166     22444.098 12428.835 
0.168     23041.587 12362.742 
0.169     23592.755 12350.842 
0.170     24195.191 12366.629 
0.171     24837.626 12396.089 
0.172     25512.706 12420.980 
0.173     26212.218 12416.267 
0.174     26780.112 12377.363 
0.175     27355.881 12305.051 
0.176     27933.304 12198.525 
0.177     28510.650 12060.382 
0.178     29083.910 11895.676 
0.179     29647.753 11708.401 
0.180     30199.949 11509.552 
0.181     30734.903 11304.163 
0.182     31251.376 11097.544 
0.183     31745.522 10894.190 
0.184     32218.882 10695.096 
0.184     32668.399 10504.456 
0.185     33095.528 10320.173 
0.186     33501.582 10139.407 
0.187     33886.462 9960.283  
0.188     34252.034 9776.358  
0.189     34600.220 9582.545  
0.190     34931.214 9377.103  
0.191     35246.333 9155.267  
0.192     35547.529 8918.457  
0.193     35833.909 8668.881  
0.194     36106.680 8409.738  
0.195     36364.745 8147.517  
0.196     36609.375 7883.091  
0.197     36840.499 7623.496  
0.197     37057.116 7370.670  
0.198     37260.521 7127.260  
0.199     37450.621 6892.283  
0.200     37627.859 6669.247  
0.201     37793.826 6455.930  
0.202     37948.282 6256.378  
0.203     38167.710 5965.943  
0.204     38189.173 5937.734  
0.204     38210.476 5909.836  
0.204     38258.099 5845.340  
0.205     38333.803 5739.529  
0.205     38406.157 5635.019  
0.206     38476.358 5527.947  
0.206     38544.155 5417.202  
0.207     38609.758 5300.896  
0.207     38672.858 5182.469  
0.208     38734.365 5052.620  
0.209     38793.108 4920.729  
0.209     38850.620 4778.625  
0.210     38905.070 4634.172  
0.210     38957.831 4482.791  
0.211     39008.148 4329.955  
0.211     39055.606 4176.524  
0.212     39101.093 4021.447  
0.212     39143.253 3871.338  
0.213     39183.100 3723.874  
0.214     39219.552 3584.721  
0.214     39253.121 3452.660  
0.215     39283.560 3329.027  
0.215     39310.829 3215.745  
0.216     39334.433 3115.562  
0.216     39355.274 3024.313  
0.217     39372.188 2947.139  
0.217     39385.942 2882.679  
0.218     39396.227 2832.008  
0.218     39402.905 2795.325  
0.219     39406.134 2772.673  
0.220     39406.022 2765.068  
0.220     39401.990 2772.889  
0.221     39394.477 2793.966  
0.221     39383.408 2828.097  
0.222     39368.926 2876.049  
0.222     39350.135 2937.225  
0.223     39327.995 3009.662  
0.223     39302.298 3092.205  
0.224     39272.428 3187.132  
0.225     39238.785 3292.620  
0.225     39201.001 3408.056  
0.226     39159.681 3530.738  
0.226     39114.135 3665.265  
0.227     39064.409 3806.733  
0.227     39011.045 3954.945  
0.228     38952.967 4113.168  
0.228     38891.513 4273.372  
0.229     38825.428 4440.372  
0.230     38754.950 4611.951  
0.230     38680.947 4780.530  
0.231     38602.282 4953.691  
0.231     38519.953 5123.961  
0.232     38432.816 5292.865  
0.232     38342.183 5456.421  
0.233     38246.559 5621.898  
0.233     38146.889 5779.139  
0.234     38042.371 5936.351  
0.235     37933.924 6091.280  
0.235     37819.639 6244.610  
0.236     37700.062 6401.359  
0.236     37576.213 6556.675  
0.237     37445.529 6720.122  
0.237     37309.581 6884.317  
0.238     37168.283 7056.788  
0.238     37019.871 7235.604  
0.239     36866.027 7419.418  
0.239     36705.030 7611.044  
0.240     36538.520 7804.191  
0.241     36365.500 8003.898  
0.241     36186.324 8201.742  
0.242     36000.383 8402.322  
0.242     35810.423 8600.088  
0.243     35611.609 8798.809  
0.243     35408.917 8989.971  
0.244     35201.801 9179.663  
0.244     34986.730 9365.136  
0.245     34767.698 9548.067  
0.246     34544.881 9726.482  
0.246     34315.920 9902.429  
0.247     34082.869 10076.686 
0.247     33845.334 10250.439 
0.248     33604.010 10421.425 
0.248     33359.562 10590.673 
0.249     33110.641 10760.441 
0.249     32860.506 10925.422 
0.250     32607.894 11088.548 
0.251     32352.435 11247.470 
0.251     32098.339 11400.305 
0.252     31842.441 11550.475 
0.252     31586.994 11690.913 
0.253     31333.183 11823.523 
0.253     31081.266 11948.318 
0.254     30832.011 12062.003 
0.254     30585.256 12166.564 
0.255     30342.349 12264.249 
0.256     30104.669 12349.771 
0.256     29870.685 12431.516 
0.257     29642.474 12504.428 
0.257     29420.179 12574.904 
0.258     29205.133 12638.381 
0.258     28995.125 12704.782 
0.259     28794.635 12767.761 
0.259     28601.500 12831.733 
0.260     28417.178 12896.800 
0.260     28242.893 12961.218 
0.261     28078.500 13026.057 
0.262     27925.154 13087.155 
0.262     27784.379 13145.329 
0.263     27657.601 13194.726 
0.263     27541.670 13242.191 
0.264     27442.994 13272.842 
0.264     27357.360 13296.317 
0.265     27287.485 13308.819 
0.265     27233.070 13307.065 
0.266     27193.843 13294.607 
0.267     27168.978 13271.882 
0.267     27160.771 13237.912 
0.268     27165.253 13199.783 
0.268     27185.054 13151.000 
0.269     27216.820 13100.758 
0.269     27263.105 13046.301 
0.270     27317.905 12991.562 
0.270     27385.828 12936.382 
0.271     27462.448 12880.435 
0.272     27551.156 12824.813 
0.272     27644.513 12770.274 
0.273     27747.707 12715.191 
0.273     27856.971 12660.740 
0.274     27974.045 12603.555 
0.274     28092.593 12547.447 
0.275     28219.935 12486.832 
0.275     28348.849 12427.628 
0.276     28481.252 12364.313 
0.277     28616.665 12300.446 
0.277     28753.278 12236.753 
0.278     28890.750 12172.426 
0.278     29027.862 12111.191 
0.279     29166.533 12048.413 
0.279     29301.681 11994.051 
0.280     29436.138 11942.482 
0.280     29569.272 11897.988 
0.281     29699.177 11862.360 
0.281     29826.881 11834.778 
0.282     29953.124 11816.250 
0.283     30074.627 11810.268 
0.283     30195.342 11809.921 
0.284     30313.574 11820.905 
0.284     30430.012 11837.267 
0.285     30545.350 11859.747 
0.285     30660.733 11882.883 
0.286     30775.483 11906.663 
0.286     30892.025 11926.069 
0.287     31008.679 11943.040 
0.288     31130.367 11945.359 
0.288     31251.388 11944.740 
0.289     31376.925 11928.043 
0.289     31504.926 11901.088 
0.290     31638.068 11859.517 
0.290     31772.756 11807.133 
0.291     31911.219 11741.988 
0.291     32054.345 11662.619 
0.292     32197.180 11580.684 
0.293     32345.327 11482.628 
0.293     32494.603 11381.470 
0.294     32644.345 11277.060 
0.294     32795.870 11167.191 
0.295     32947.262 11056.780 
0.295     33099.084 10945.693 
0.296     33249.267 10836.838 
0.296     33399.330 10727.659 
0.297     33548.721 10620.742 
0.298     33694.435 10518.089 
0.298     33840.324 10415.250 
0.299     33982.369 10316.805 
0.299     34122.733 10218.758 
0.300     34260.891 10122.583 
0.300     34395.466 10027.424 
0.301     34528.110 9933.389  
0.301     34658.219 9836.733  
0.302     34784.633 9741.568  
0.302     34908.696 9645.154  
0.303     35030.961 9544.213  
0.304     35148.385 9445.699  
0.304     35263.299 9344.608  
0.305     35376.309 9240.309  
0.305     35483.300 9140.937  
0.306     35589.123 9034.851  
0.306     35690.454 8935.148  
0.307     35787.762 8836.547  
0.307     35882.182 8738.691  
0.308     35972.000 8648.730  
0.309     36058.038 8561.472  
0.309     36139.625 8483.201  
0.310     36217.972 8407.981  
0.310     36290.841 8343.708  
0.311     36361.677 8280.893  
0.311     36426.922 8228.140  
0.312     36489.794 8177.665  
0.312     36548.550 8132.217  
0.313     36603.530 8092.804  
0.314     36656.264 8052.068  
0.314     36704.540 8018.675  
0.315     36750.961 7982.541  
0.315     36794.497 7949.561  
0.316     36834.958 7916.934  
0.316     36873.081 7886.658  
0.317     36909.269 7855.616  
0.317     36942.493 7826.617  
0.318     36973.757 7800.537  
0.319     37003.398 7772.032  
0.319     37029.906 7749.935  
0.320     37055.574 7725.589  
0.320     37078.142 7706.170  
0.321     37099.918 7686.187  
0.321     37119.068 7668.444  
0.322     37136.617 7653.793  
0.322     37152.578 7637.450  
0.323     37167.033 7622.720  
0.323     37179.119 7612.437  
0.324     37189.741 7599.909  
0.325     37199.697 7586.154  
0.325     37206.654 7576.205  
0.326     37212.910 7563.254  
0.326     37217.165 7552.071  
0.327     37219.442 7538.107  
0.327     37220.159 7525.050  
0.328     37219.222 7508.011  
0.328     37215.899 7492.294  
0.329     37210.191 7475.845  
0.330     37202.057 7458.935  
0.330     37191.666 7441.947  
0.331     37177.523 7431.069  
0.331     37161.160 7420.373  
0.332     37141.257 7418.249  
0.332     37117.486 7423.126  
0.333     37090.066 7437.319  
0.333     37058.636 7461.117  
0.334     37022.870 7499.060  
0.335     36983.475 7545.997  
0.335     36939.781 7604.169  
0.336     36892.089 7673.272  
0.336     36839.527 7750.580  
0.337     36784.562 7834.269  
0.337     36725.199 7922.761  
0.338     36662.398 8013.858  
0.338     36595.512 8107.116  
0.339     36526.612 8197.892  
0.340     36454.059 8287.400  
0.340     36378.546 8372.853  
0.341     36300.715 8457.729  
0.341     36219.006 8537.331  
0.342     36135.780 8612.032  
0.342     36049.128 8687.888  
0.343     35959.377 8758.772  
0.343     35866.574 8831.851  
0.344     35771.668 8904.088  
0.344     35671.662 8980.281  
0.345     35569.198 9057.688  
0.346     35463.695 9140.529  
0.346     35354.327 9225.673  
0.347     35239.662 9320.543  
0.347     35125.302 9414.160  
0.348     35003.146 9519.085  
0.348     34879.874 9626.764  
0.349     34752.816 9738.871  
0.349     34622.604 9855.318  
0.350     34489.494 9975.130  
0.351     34354.419 10096.603 
0.351     34216.496 10220.351 
0.352     34076.720 10344.267 
0.352     33936.198 10468.238 
0.353     33794.793 10589.446 
0.353     33651.931 10709.099 
0.354     33510.866 10823.213 
0.354     33368.406 10932.611 
0.355     33227.985 11035.980 
0.356     33088.396 11131.478 
0.356     32949.741 11218.220 
0.357     32814.386 11295.843 
0.357     32679.590 11363.798 
0.358     32548.151 11420.781 
0.358     32418.757 11469.560 
0.359     32290.489 11509.324 
0.359     32165.272 11543.459 
0.360     32041.557 11571.584 
0.361     31918.863 11597.356 
0.361     31798.581 11623.344 
0.362     31679.287 11651.027 
0.362     31559.798 11686.680 
0.363     31443.502 11726.346 
0.363     31326.269 11776.986 
0.364     31211.073 11835.157 
0.364     31097.580 11905.934 
0.365     30985.234 11982.498 
0.365     30875.952 12066.492 
0.366     30770.210 12154.925 
0.367     30669.749 12244.137 
0.367     30570.951 12335.616 
0.368     30481.653 12417.903 
0.368     30396.754 12498.875 
0.369     30320.154 12568.240 
0.369     30252.573 12627.239 
0.370     30192.214 12675.339 
0.370     30143.217 12708.388 
0.371     30102.973 12732.279 
0.372     30071.337 12741.603 
0.372     30053.097 12734.959 
0.373     30042.411 12722.884 
0.373     30040.846 12696.796 
0.374     30050.147 12663.550 
0.374     30068.349 12621.479 
0.375     30093.556 12577.255 
0.375     30128.077 12524.993 
0.376     30168.739 12473.735 
0.377     30216.703 12421.684 
0.377     30270.697 12368.448 
0.378     30329.421 12318.512 
0.378     30394.404 12269.803 
0.379     30462.990 12222.545 
0.379     30534.998 12179.851 
0.380     30612.376 12135.879 
0.380     30691.010 12095.118 
0.381     30774.881 12052.404 
0.382     30860.322 12009.841 
0.382     30948.823 11964.529 
0.383     31039.030 11918.163 
0.383     31131.357 11868.739 
0.384     31225.296 11815.429 
0.384     31319.423 11761.587 
0.385     31417.603 11701.796 
0.385     31513.281 11644.083 
0.386     31610.119 11582.120 
0.386     31707.652 11521.024 
0.387     31802.414 11459.610 
0.388     31898.945 11394.842 
0.388     31992.389 11334.017 
0.389     32085.131 11268.842 
0.389     32176.147 11203.673 
0.390     32264.251 11139.100 
0.390     32349.251 11073.650 
0.391     32432.423 11005.567 
0.391     32510.555 10941.624 
0.392     32586.951 10875.713 
0.393     32656.903 10816.425 
0.393     32723.045 10762.525 
0.394     32785.006 10714.454 
0.394     32841.415 10677.720 
0.395     32892.783 10651.646 
0.395     32939.800 10638.735 
0.396     32980.415 10640.084 
0.396     33017.500 10655.884 
0.397     33049.128 10686.422 
0.398     33076.825 10729.093 
0.398     33101.696 10782.253 
0.399     33124.320 10844.461 
0.399     33143.775 10913.682 
0.400     33164.633 10982.483 
0.400     33184.944 11052.413 
0.401     33206.015 11119.074 
0.401     33229.707 11178.392 
0.402     33256.265 11228.108 
0.403     33286.025 11268.113 
0.403     33320.897 11291.685 
0.404     33359.569 11302.653 
0.404     33404.688 11293.992 
0.405     33454.116 11271.518 
0.405     33509.732 11230.339 
0.406     33569.245 11175.279 
0.406     33636.458 11100.012 
0.407     33705.266 11015.477 
0.407     33779.809 10916.842 
0.408     33856.733 10810.034 
0.409     33936.772 10692.830 
0.409     34018.266 10573.691 
0.410     34100.264 10451.425 
0.410     34182.461 10328.401 
0.411     34315.265 10136.262 
0.412     34398.754 10022.488 
0.412     34478.269 9921.263  
0.413     34555.710 9831.149  
0.414     34627.315 9759.076  
0.414     34696.458 9700.050  
0.415     34791.294 9644.034  
0.416     34875.910 9620.297  
0.417     34951.577 9621.174  
0.418     35020.376 9634.514  
0.419     35084.251 9652.873  
0.419     35144.283 9686.590  
