Time      Mean      STD       
0.000     40000.000 3.162     
0.001     39999.929 3.185     
0.002     39999.712 3.265     
0.003     39999.340 3.429     
0.004     39998.797 3.722     
0.005     39998.060 4.200     
0.006     39997.097 4.922     
0.007     39995.867 5.945     
0.008     39994.317 7.324     
0.009     39992.381 9.124     
0.010     39989.977 11.421    
0.011     39987.000 14.313    
0.012     39983.324 17.920    
0.013     39978.792 22.397    
0.014     39973.210 27.932    
0.015     39966.339 34.760    
0.016     39957.887 43.169    
0.017     39947.493 53.517    
0.018     39934.716 66.237    
0.019     39919.013 81.866    
0.020     39899.719 101.056   
0.021     39876.020 124.604   
0.022     39846.919 153.483   
0.023     39811.196 188.874   
0.024     39767.363 232.207   
0.025     39713.608 285.212   
0.026     39647.723 349.969   
0.027     39567.032 428.964   
0.028     39468.297 525.155   
0.029     39347.619 642.028   
0.030     39200.319 783.650   
0.031     39020.820 954.706   
0.032     38802.522 1160.504  
0.033     38537.680 1406.927  
0.034     38217.311 1700.312  
0.035     37831.134 2047.221  
0.036     37367.598 2454.069  
0.037     36814.006 2926.577  
0.038     36156.810 3469.022  
0.039     35382.117 4083.297  
0.040     34476.461 4767.790  
0.041     33427.873 5516.203  
0.042     32227.266 6316.436  
0.043     30870.088 7149.771  
0.044     29358.134 7990.592  
0.045     27701.334 8806.920  
0.046     25919.253 9561.929  
0.047     24042.013 10216.541 
0.048     22110.341 10732.979 
0.049     20174.513 11078.993 
0.050     18292.140 11232.338 
0.051     16524.872 11184.958 
0.052     14934.334 10946.408 
0.053     13577.743 10546.059 
0.054     12503.724 10033.636 
0.055     11748.848 9477.328  
0.056     11335.268 8957.902  
0.057     11269.707 8556.603  
0.058     11543.784 8336.297  
0.059     12135.559 8321.937  
0.060     13011.976 8492.977  
0.061     14131.857 8794.528  
0.062     15449.091 9158.840  
0.063     16915.682 9523.429  
0.064     18484.424 9840.118  
0.065     20111.063 10076.828 
0.066     21755.859 10215.783 
0.067     23384.579 10250.530 
0.068     24968.960 10182.937 
0.069     26486.750 10020.578 
0.070     27921.415 9774.600  
0.071     29261.618 9458.057  
0.072     30500.565 9084.661  
0.073     31635.286 8667.888  
0.074     32665.915 8220.366  
0.075     33595.005 7753.492  
0.076     34426.914 7277.232  
0.077     35167.263 6800.051  
0.078     35822.485 6328.930  
0.079     36399.451 5869.459  
0.080     36905.181 5425.959  
0.081     37346.615 5001.628  
0.082     37730.456 4598.696  
0.083     38063.047 4218.575  
0.084     38350.305 3862.001  
0.085     38597.674 3529.161  
0.086     38810.114 3219.813  
0.087     38992.097 2933.382  
0.088     39147.626 2669.046  
0.089     39280.261 2425.807  
0.090     39393.145 2202.552  
0.091     39489.037 1998.096  
0.092     39570.353 1811.225  
0.093     39639.194 1640.719  
0.094     39697.382 1485.382  
0.095     39746.489 1344.050  
0.096     39787.872 1215.611  
0.097     39822.693 1099.007  
0.098     39851.946 993.241   
0.099     39876.481 897.380   
0.100     39897.019 810.556   
0.101     39914.173 731.964   
0.102     39928.458 660.862   
0.103     39940.309 596.567   
0.104     39950.090 538.457   
0.105     39958.102 485.965   
0.106     39964.594 438.582   
0.107     39969.765 395.855   
0.108     39973.774 357.392   
0.109     39976.741 322.875   
0.110     39978.753 292.068   
0.111     39979.862 264.857   
0.112     39980.090 241.286   
0.113     39979.424 221.633   
0.114     39977.821 206.484   
0.115     39975.201 196.803   
0.116     39971.444 193.906   
0.117     39966.389 199.278   
0.118     39959.823 214.258   
0.119     39951.476 239.832   
0.120     39941.014 276.696   
0.121     39928.023 325.522   
0.122     39912.001 387.186   
0.123     39892.346 462.886   
0.124     39868.334 554.153   
0.125     39839.112 662.807   
0.126     39803.675 790.903   
0.127     39760.858 940.652   
0.128     39709.315 1114.345  
0.129     39647.516 1314.268  
0.130     39573.738 1542.602  
0.131     39486.071 1801.324  
0.132     39382.427 2092.094  
0.133     39260.562 2416.151  
0.134     39118.116 2774.202  
0.135     38952.655 3166.323  
0.136     38761.744 3591.881  
0.137     38543.017 4049.466  
0.138     38294.273 4536.860  
0.139     38013.573 5051.028  
0.140     37699.350 5588.153  
0.141     37350.518 6143.698  
0.142     36966.572 6712.515  
0.143     36547.692 7288.989  
0.144     36094.819 7867.212  
0.145     35609.723 8441.204  
0.146     35095.045 9005.127  
0.147     34554.320 9553.510  
0.148     33991.977 10081.400 
0.149     33413.321 10584.405 
0.150     32824.488 11058.563 
0.151     32232.364 11500.020 
0.152     31644.461 11904.554 
0.153     31068.701 12267.077 
0.154     30513.116 12581.293 
0.155     29985.406 12839.728 
0.156     29492.399 13034.247 
0.157     29039.418 13157.111 
0.158     28629.649 13202.442 
0.159     28263.611 13167.892 
0.160     27938.833 13056.221 
0.161     27649.842 12876.500 
0.162     27388.529 12644.654 
0.163     27144.869 12383.066 
0.164     26907.953 12119.038 
0.165     26667.199 11881.977 
0.166     26413.582 11699.496 
0.167     26140.735 11593.048 
0.168     25845.777 11574.227 
0.169     25529.763 11642.984 
0.170     25197.729 11788.439 
0.171     24858.334 11991.920 
0.172     24523.175 12231.068 
0.173     24205.857 12483.686 
0.174     23920.941 12730.528 
0.175     23682.877 12956.769 
0.176     23505.021 13152.357 
0.177     23398.814 13311.577 
0.178     23373.172 13432.165 
0.179     23434.097 13514.258 
0.180     23584.524 13559.386 
0.181     23824.368 13569.620 
0.182     24150.747 13546.963 
0.183     24558.325 13492.984 
0.184     25039.750 13408.682 
0.185     25586.128 13294.536 
0.186     26187.511 13150.660 
0.187     26833.364 12977.024 
0.188     27512.984 12773.673 
0.189     28215.865 12540.923 
0.190     28932.001 12279.490 
0.191     29652.120 11990.576 
0.192     30367.844 11675.878 
0.193     31071.803 11337.568 
0.194     31757.684 10978.224 
0.195     32420.243 10600.742 
0.196     33055.271 10208.240 
0.197     33659.543 9803.956  
0.198     34230.740 9391.152  
0.199     34767.358 8973.031  
0.200     35268.614 8552.665  
0.201     35734.341 8132.936  
0.202     36164.896 7716.497  
0.203     36561.062 7305.741  
0.204     36923.960 6902.787  
0.205     37254.972 6509.475  
0.206     37555.666 6127.370  
0.207     37827.737 5757.781  
0.208     38072.946 5401.777  
0.209     38293.079 5060.218  
0.210     38489.908 4733.791  
0.211     38665.155 4423.049  
0.212     38820.471 4128.463  
0.213     38957.413 3850.477  
0.214     39077.429 3589.579  
0.215     39181.847 3346.376  
0.216     39271.868 3121.688  
0.217     39348.559 2916.642  
0.218     39412.851 2732.771  
0.219     39465.540 2572.088  
0.220     39507.288 2437.109  
0.221     39538.624 2330.770  
0.222     39559.951 2256.200  
0.223     39571.552 2216.325  
0.224     39573.594 2213.375  
0.225     39566.141 2248.426  
0.226     39549.161 2321.179  
0.227     39522.537 2430.040  
0.228     39486.080 2572.458  
0.229     39439.540 2745.356  
0.230     39382.625 2945.511  
0.231     39315.010 3169.803  
0.232     39236.358 3415.337  
0.233     39146.331 3679.476  
0.234     39044.613 3959.808  
0.235     38930.918 4254.100  
0.236     38805.013 4560.257  
0.237     38666.730 4876.284  
0.238     38515.979 5200.273  
0.239     38352.762 5530.384  
0.240     38177.181 5864.833  
0.241     37989.455 6201.871  
0.242     37789.918 6539.766  
0.243     37579.032 6876.798  
0.244     37357.386 7211.270  
0.245     37125.694 7541.537  
0.246     36884.794 7866.045  
0.247     36635.639 8183.355  
0.248     36379.290 8492.170  
0.249     36116.909 8791.330  
0.250     35849.747 9079.805  
0.251     35579.132 9356.698  
0.252     35306.461 9621.276  
0.253     35033.186 9873.019  
0.254     34760.802 10111.664 
0.255     34490.849 10337.178 
0.256     34224.905 10549.602 
0.257     33964.589 10748.772 
0.258     33711.545 10933.965 
0.259     33467.405 11103.635 
0.260     33233.717 11255.401 
0.261     33011.831 11386.422 
0.262     32802.757 11494.161 
0.263     32607.033 11577.419 
0.264     32424.630 11637.346 
0.265     32254.957 11678.139 
0.266     32096.982 11707.098 
0.267     31949.478 11733.865 
0.268     31811.377 11768.856 
0.269     31682.157 11821.133 
0.270     31562.188 11896.204 
0.271     31452.962 11994.338 
0.272     31357.122 12109.891 
0.273     31278.273 12231.838 
0.274     31220.563 12345.326 
0.275     31188.097 12433.828 
0.276     31184.252 12481.415 
0.277     31211.000 12474.765 
0.278     31268.338 12404.719 
0.279     31353.908 12267.353 
0.280     31462.865 12064.596 
0.281     31588.019 11804.469 
0.282     31720.228 11500.980 
0.283     31849.008 11173.619 
0.284     31963.280 10846.350 
0.285     32052.187 10545.921 
0.286     32105.890 10299.327 
0.287     32116.272 10130.514 
0.288     32077.501 10056.805 
0.289     31986.408 10086.019 
0.290     31842.655 10215.318 
0.291     31648.721 10432.270 
0.292     31409.692 10717.677 
0.293     31132.919 11049.106 
0.294     30827.551 11404.061 
0.295     30504.015 11762.245 
0.296     30173.465 12106.820 
0.297     29847.232 12424.866 
0.298     29536.332 12707.296 
0.299     29251.024 12948.456 
0.300     29000.452 13145.561 
0.301     28792.382 13298.085 
0.302     28633.018 13407.154 
0.303     28526.908 13475.003 
0.304     28476.937 13504.497 
0.305     28484.371 13498.758 
0.306     28548.970 13460.873 
0.307     28669.137 13393.702 
0.308     28842.095 13299.768 
0.309     29064.087 13181.221 
0.310     29330.576 13039.855 
0.311     29636.446 12877.165 
0.312     29976.195 12694.431 
0.313     30344.108 12492.808 
0.314     30734.417 12273.414 
0.315     31141.438 12037.415 
0.316     31559.682 11786.086 
0.317     31983.948 11520.865 
0.318     32409.396 11243.382 
0.319     32831.596 10955.477 
0.320     33246.559 10659.203 
0.321     33650.758 10356.815 
0.322     34041.131 10050.756 
0.323     34415.069 9743.641  
0.324     34770.407 9438.234  
0.325     35105.395 9137.409  
0.326     35418.674 8844.099  
0.327     35709.241 8561.245  
0.328     35976.419 8291.769  
0.329     36219.820 8038.554  
0.330     36439.311 7804.418  
0.331     36634.984 7592.030  
0.332     36807.125 7403.752  
0.333     36956.193 7241.468  
0.334     37082.784 7106.471  
0.335     37187.612 6999.476  
0.336     37271.470 6920.738  
0.337     37335.221 6870.198  
0.338     37379.772 6847.522  
0.339     37406.075 6851.995  
0.340     37415.123 6882.324  
0.341     37407.949 6936.482  
0.342     37385.618 7011.728  
0.343     37349.210 7104.853  
0.344     37299.799 7212.583  
0.345     37238.427 7331.996  
0.346     37166.089 7460.798  
0.347     37083.728 7597.389  
0.348     36992.245 7740.699  
0.349     36892.516 7889.895  
0.350     36785.418 8044.071  
0.351     36671.847 8202.029  
0.352     36552.725 8362.207  
0.353     36429.002 8522.754  
0.354     36301.638 8681.690  
0.355     36171.578 8837.119  
0.356     36039.722 8987.416  
0.357     35906.905 9131.405  
0.358     35773.872 9268.477  
0.359     35641.273 9398.647  
0.360     35509.673 9522.500  
0.361     35379.573 9640.976  
0.362     35251.451 9755.025  
0.363     35125.788 9865.178  
0.364     35003.099 9971.202  
0.365     34883.921 10071.980 
0.366     34768.787 10165.742 
0.367     34658.161 10250.624 
0.368     34552.379 10325.433 
0.369     34451.598 10390.351 
0.370     34355.798 10447.323 
0.371     34264.837 10499.912 
0.372     34178.570 10552.571 
0.373     34096.998 10609.435 
0.374     34020.413 10672.961 
0.375     33949.489 10742.799 
0.376     33885.284 10815.281 
0.377     33829.125 10883.729 
0.378     33782.383 10939.543 
0.379     33746.166 10973.836 
0.380     33721.002 10979.249 
0.381     33706.559 10951.618 
0.382     33701.477 10891.200 
0.383     33703.359 10803.302 
0.384     33708.945 10698.159 
0.385     33714.442 10590.015 
0.386     33715.990 10495.402 
0.387     33710.182 10430.745 
0.388     33694.570 10409.628 
0.389     33668.084 10440.277 
0.390     33631.295 10523.910 
0.391     33586.496 10654.392 
0.392     33537.565 10819.259 
0.393     33489.650 11001.709 
0.394     33448.685 11182.960 
0.395     33420.817 11344.422 
0.396     33411.793 11469.395 
0.397     33426.366 11544.198 
0.398     33467.796 11558.803 
0.399     33537.475 11507.128 
0.400     33634.716 11387.093 
