Time      Mean      STD       
0.000     10000.000 2.000     
0.001     9999.928  2.036     
0.002     9999.710  2.159     
0.003     9999.332  2.404     
0.004     9998.772  2.821     
0.005     9997.999  3.464     
0.006     9996.966  4.388     
0.007     9995.614  5.654     
0.008     9993.865  7.337     
0.009     9991.617  9.532     
0.010     9988.740  12.366    
0.011     9985.068  15.998    
0.012     9980.390  20.637    
0.013     9974.436  26.544    
0.014     9966.866  34.051    
0.015     9957.248  43.577    
0.016     9945.038  55.646    
0.017     9929.550  70.911    
0.018     9909.921  90.184    
0.019     9885.073  114.462   
0.020     9853.662  144.962   
0.021     9814.021  183.147   
0.022     9764.104  230.750   
0.023     9701.416  289.780   
0.024     9622.954  362.498   
0.025     9525.161  451.347   
0.026     9403.907  558.815   
0.027     9254.523  687.199   
0.028     9071.921  838.265   
0.029     8850.826  1012.780  
0.030     8586.171  1209.943  
0.031     8273.663  1426.782  
0.032     7910.542  1657.615  
0.033     7496.467  1893.742  
0.034     7034.452  2123.549  
0.035     6531.678  2333.169  
0.036     5999.984  2507.775  
0.037     5455.831  2633.448  
0.038     4919.610  2699.392  
0.039     4414.250  2700.195  
0.040     3963.283  2637.771  
0.041     3588.618  2522.654  
0.042     3308.378  2374.337  
0.043     3135.174  2220.102  
0.044     3075.049  2091.213  
0.045     3127.243  2015.186  
0.046     3284.726  2005.615  
0.047     3535.339  2056.454  
0.048     3863.309  2146.614  
0.049     4250.875  2250.568  
0.050     4679.826  2346.567  
0.051     5132.770  2419.733  
0.052     5594.085  2461.863  
0.053     6050.507  2470.033  
0.054     6491.403  2445.051  
0.055     6908.786  2390.126  
0.056     7297.135  2309.818  
0.057     7653.103  2209.265  
0.058     7975.155  2093.638  
0.059     8263.197  1967.785  
0.060     8518.222  1836.021  
0.061     8741.993  1702.021  
0.062     8936.774  1568.797  
0.063     9105.113  1438.718  
0.064     9249.668  1313.573  
0.065     9373.087  1194.635  
0.066     9477.913  1082.747  
0.067     9566.530  978.394   
0.068     9641.126  881.779   
0.069     9703.674  792.884   
0.070     9755.935  711.528   
0.071     9799.457  637.412   
0.072     9835.590  570.155   
0.073     9865.502  509.329   
0.074     9890.193  454.478   
0.075     9910.517  405.137   
0.076     9927.197  360.849   
0.077     9940.840  321.169   
0.078     9951.955  285.677   
0.079     9960.962  253.976   
0.080     9968.208  225.705   
0.081     9973.976  200.535   
0.082     9978.493  178.179   
0.083     9981.934  158.403   
0.084     9984.433  141.039   
0.085     9986.083  126.019   
0.086     9986.940  113.422   
0.087     9987.024  103.542   
0.088     9986.318  96.961    
0.089     9984.770  94.556    
0.090     9982.284  97.342    
0.091     9978.724  106.182   
0.092     9973.902  121.590   
0.093     9967.575  143.825   
0.094     9959.438  173.132   
0.095     9949.117  209.893   
0.096     9936.163  254.649   
0.097     9920.045  308.053   
0.098     9900.148  370.799   
0.099     9875.777  443.543   
0.100     9846.157  526.837   
0.101     9810.451  621.059   
0.102     9767.781  726.353   
0.103     9717.250  842.580   
0.104     9657.986  969.281   
0.105     9589.182  1105.655  
0.106     9510.152  1250.563  
0.107     9420.379  1402.547  
0.108     9319.578  1559.885  
0.109     9207.745  1720.663  
0.110     9085.211  1882.867  
0.111     8952.683  2044.473  
0.112     8811.280  2203.486  
0.113     8662.560  2357.898  
0.114     8508.519  2505.535  
0.115     8351.566  2643.820  
0.116     8194.436  2769.547  
0.117     8040.026  2878.816  
0.118     7891.140  2967.253  
0.119     7750.153  3030.572  
0.120     7618.638  3065.423  
0.121     7497.026  3070.358  
0.122     7384.406  3046.727  
0.123     7278.515  2999.269  
0.124     7175.990  2936.190  
0.125     7072.853  2868.533  
0.126     6965.154  2808.677  
0.127     6849.672  2768.049  
0.128     6724.543  2754.548  
0.129     6589.693  2770.649  
0.130     6447.029  2813.110  
0.131     6300.339  2874.440  
0.132     6154.952  2945.317  
0.133     6017.215  3016.881  
0.134     5893.874  3082.231  
0.135     5791.446  3137.006  
0.136     5715.670  3179.266  
0.137     5671.070  3208.955  
0.138     5660.685  3227.185  
0.139     5685.948  3235.546  
0.140     5746.715  3235.531  
0.141     5841.405  3228.181  
0.142     5967.234  3213.929  
0.143     6120.484  3192.640  
0.144     6296.805  3163.763  
0.145     6491.492  3126.553  
0.146     6699.750  3080.284  
0.147     6916.904  3024.416  
0.148     7138.577  2958.716  
0.149     7360.810  2883.302  
0.150     7580.144  2798.643  
0.151     7793.658  2705.520  
0.152     7998.983  2604.966  
0.153     8194.278  2498.193  
0.154     8378.196  2386.518  
0.155     8549.837  2271.298  
0.156     8708.686  2153.879  
0.157     8854.559  2035.548  
0.158     8987.541  1917.504  
0.159     9107.929  1800.841  
0.160     9216.179  1686.546  
0.161     9312.861  1575.496  
0.162     9398.620  1468.482  
0.163     9474.134  1366.229  
0.164     9540.094  1269.433  
0.165     9597.175  1178.802  
0.166     9646.021  1095.101  
0.167     9687.226  1019.209  
0.168     9721.334  952.154   
0.169     9748.824  895.135   
0.170     9770.111  849.483   
0.171     9785.547  816.560   
0.172     9795.421  797.559   
0.173     9799.967  793.268   
0.174     9799.364  803.857   
0.175     9793.748  828.809   
0.176     9783.219  867.007   
0.177     9767.850  916.945   
0.178     9747.698  976.954   
0.179     9722.810  1045.373  
0.180     9693.237  1120.651  
0.181     9659.040  1201.383  
0.182     9620.300  1286.313  
0.183     9577.128  1374.321  
0.184     9529.666  1464.408  
0.185     9478.096  1555.672  
0.186     9422.646  1647.295  
0.187     9363.587  1738.528  
0.188     9301.240  1828.672  
0.189     9235.972  1917.079  
0.190     9168.196  2003.177  
0.191     9098.367  2086.505  
0.192     9026.978  2166.748  
0.193     8954.564  2243.715  
0.194     8881.702  2317.214  
0.195     8809.015  2386.851  
0.196     8737.157  2451.828  
0.197     8666.783  2510.900  
0.198     8598.482  2562.585  
0.199     8532.705  2605.658  
0.200     8469.676  2639.794  
0.201     8409.362  2666.121  
0.202     8351.501  2687.433  
0.203     8295.717  2707.852  
0.204     8241.718  2731.914  
0.205     8189.512  2763.255  
0.206     8139.606  2803.330  
0.207     8093.093  2850.646  
0.208     8051.609  2900.820  
0.209     8017.125  2947.406  
0.210     7991.617  2983.171  
0.211     7976.652  3001.402  
0.212     7973.001  2997.000  
0.213     7980.321  2967.222  
0.214     7997.000  2912.136  
0.215     8020.180  2834.820  
0.216     8045.959  2741.357  
0.217     8069.751  2640.600  
0.218     8086.740  2543.574  
0.219     8092.362  2462.343  
0.220     8082.769  2408.184  
0.221     8055.192  2389.308  
0.222     8008.197  2408.875  
0.223     7941.798  2464.320  
0.224     7857.430  2548.395  
0.225     7757.803  2651.319  
0.226     7646.667  2762.973  
0.227     7528.511  2874.434  
0.228     7408.231  2978.740  
0.229     7290.813  3071.060  
0.230     7181.033  3148.536  
0.231     7083.208  3209.948  
0.232     7001.007  3255.328  
0.233     6937.318  3285.570  
0.234     6894.186  3302.080  
0.235     6872.794  3306.480  
0.236     6873.505  3300.378  
0.237     6895.927  3285.214  
0.238     6939.014  3262.171  
0.239     7001.181  3232.153  
0.240     7080.422  3195.801  
0.241     7174.436  3153.555  
0.242     7280.736  3105.719  
0.243     7396.758  3052.542  
0.244     7519.945  2994.283  
0.245     7647.829  2931.271  
0.246     7778.083  2863.942  
0.247     7908.571  2792.862  
0.248     8037.376  2718.731  
0.249     8162.819  2642.384  
0.250     8283.465  2564.776  
0.251     8398.123  2486.970  
0.252     8505.836  2410.103  
0.253     8605.871  2335.350  
0.254     8697.700  2263.882  
0.255     8780.983  2196.820  
0.256     8855.541  2135.206  
0.257     8921.343  2079.973  
0.258     8978.476  2031.922  
0.259     9027.130  1991.693  
0.260     9067.583  1959.727  
0.261     9100.180  1936.225  
0.262     9125.325  1921.127  
0.263     9143.465  1914.107  
0.264     9155.079  1914.612  
0.265     9160.665  1921.928  
0.266     9160.731  1935.251  
0.267     9155.787  1953.744  
0.268     9146.335  1976.568  
0.269     9132.868  2002.900  
0.270     9115.864  2031.961  
0.271     9095.783  2063.072  
0.272     9073.069  2095.711  
0.273     9048.148  2129.507  
0.274     9021.441  2164.140  
0.275     8993.370  2199.161  
0.276     8964.356  2233.834  
0.277     8934.809  2267.129  
0.278     8905.095  2297.940  
0.279     8875.504  2325.485  
0.280     8846.217  2349.726  
0.281     8817.310  2371.605  
0.282     8788.793  2392.907  
0.283     8760.690  2415.709  
0.284     8733.132  2441.557  
0.285     8706.437  2470.667  
0.286     8681.129  2501.490  
0.287     8657.885  2530.856  
0.288     8637.401  2554.683  
0.289     8620.207  2569.016  
0.290     8606.478  2571.120  
0.291     8595.895  2560.346  
0.292     8587.597  2538.632  
0.293     8580.261  2510.512  
0.294     8572.294  2482.574  
0.295     8562.112  2462.343  
0.296     8548.453  2456.705  
0.297     8530.656  2470.229  
0.298     8508.859  2503.921  
0.299     8484.074  2554.918  
0.300     8458.112  2617.190  
0.301     8433.386  2682.875  
0.302     8412.608  2743.718  
0.303     8398.427  2792.211  
0.304     8393.077  2822.312  
0.305     8398.056  2829.804  
0.306     8413.900  2812.417  
0.307     8440.066  2769.818  
0.308     8474.935  2703.565  
0.309     8515.925  2617.064  
0.310     8559.700  2515.538  
0.311     8602.445  2405.975  
0.312     8640.174  2296.973  
0.313     8669.038  2198.330  
0.314     8685.610  2120.181  
0.315     8687.117  2071.566  
0.316     8671.615  2058.627  
0.317     8638.085  2083.131  
0.318     8586.465  2142.118  
0.319     8517.611  2228.931  
0.320     8433.209  2335.017  
0.321     8335.641  2451.647  
0.322     8227.821  2571.055  
0.323     8113.017  2686.973  
0.324     7994.680  2794.752  
0.325     7876.269  2891.242  
0.326     7761.107  2974.577  
0.327     7652.250  3043.929  
0.328     7552.392  3099.275  
0.329     7463.787  3141.190  
0.330     7388.210  3170.667  
0.331     7326.930  3188.964  
0.332     7280.727  3197.473  
0.333     7249.907  3197.601  
0.334     7234.356  3190.664  
0.335     7233.584  3177.816  
0.336     7246.791  3160.002  
0.337     7272.922  3137.960  
0.338     7310.727  3112.252  
0.339     7358.809  3083.326  
0.340     7415.681  3051.579  
0.341     7479.810  3017.408  
0.342     7549.663  2981.238  
0.343     7623.748  2943.524  
0.344     7700.653  2904.734  
0.345     7779.075  2865.330  
0.346     7857.844  2825.736  
0.347     7935.935  2786.307  
0.348     8012.473  2747.312  
0.349     8086.724  2708.933  
0.350     8158.088  2671.319  
0.351     8226.078  2634.671  
0.352     8290.307  2599.313  
0.353     8350.481  2565.706  
0.354     8406.397  2534.348  
0.355     8457.940  2505.614  
0.356     8505.086  2479.600  
0.357     8547.884  2456.099  
0.358     8586.433  2434.751  
0.359     8620.854  2415.329  
0.360     8651.271  2398.011  
0.361     8677.815  2383.474  
0.362     8700.649  2372.692  
0.363     8720.005  2366.475  
0.364     8736.227  2364.925  
0.365     8749.773  2367.056  
0.366     8761.187  2370.811  
0.367     8771.015  2373.510  
0.368     8779.706  2372.622  
0.369     8787.507  2366.597  
0.370     8794.402  2355.506  
0.371     8800.120  2341.281  
0.372     8804.212  2327.439  
0.373     8806.199  2318.290  
0.374     8805.745  2317.772  
0.375     8802.820  2328.223  
0.376     8797.801  2349.508  
0.377     8791.485  2378.828  
0.378     8785.001  2411.274  
0.379     8779.636  2440.874  
0.380     8776.595  2461.787  
0.381     8776.764  2469.338  
0.382     8780.505  2460.778  
0.383     8787.526  2435.723  
0.384     8796.869  2396.331  
0.385     8807.000  2347.221  
0.386     8816.001  2295.094  
0.387     8821.829  2248.003  
0.388     8822.608  2214.192  
0.389     8816.902  2200.598  
0.390     8803.934  2211.351  
0.391     8783.725  2246.817  
0.392     8757.131  2303.602  
0.393     8725.778  2375.494  
0.394     8691.911  2454.841  
0.395     8658.170  2533.854  
0.396     8627.326  2605.516  
0.397     8602.011  2664.086  
0.398     8584.463  2705.280  
0.399     8576.310  2726.277  
0.400     8578.419  2725.635  
0.401     8590.820  2703.190  
0.402     8612.695  2659.958  
0.403     8642.443  2598.066  
0.404     8677.803  2520.711  
0.405     8716.019  2432.128  
0.406     8754.036  2337.567  
0.407     8788.695  2243.203  
0.408     8816.939  2155.929  
0.409     8835.980  2082.923  
0.410     8843.452  2030.919  
0.411     8837.523  2005.226  
0.412     8816.970  2008.744  
0.413     8781.214  2041.387  
0.414     8730.324  2100.199  
0.415     8664.984  2180.125  
0.416     8586.434  2275.060  
0.417     8496.393  2378.803  
0.418     8396.957  2485.702  
0.419     8290.502  2590.998  
0.420     8179.565  2690.934  
0.421     8066.743  2782.741  
0.422     7954.590  2864.556  
0.423     7845.524  2935.322  
0.424     7741.753  2994.675  
0.425     7645.217  3042.828  
0.426     7557.554  3080.427  
0.427     7480.076  3108.401  
0.428     7413.773  3127.816  
0.429     7359.322  3139.764  
0.430     7317.100  3145.303  
0.431     7287.215  3145.434  
0.432     7269.529  3141.079  
0.433     7263.699  3133.042  
0.434     7269.207  3121.926  
0.435     7285.395  3108.072  
0.436     7311.489  3091.542  
0.437     7346.609  3072.214  
0.438     7389.776  3049.966  
0.439     7439.925  3024.890  
0.440     7495.920  2997.425  
0.441     7556.598  2968.340  
0.442     7620.828  2938.543  
0.443     7687.561  2908.770  
0.444     7755.880  2879.294  
0.445     7825.005  2849.795  
0.446     7894.277  2819.475  
0.447     7963.100  2787.420  
0.448     8030.894  2753.072  
0.449     8097.046  2716.645  
0.450     8160.920  2679.326  
0.451     8221.897  2643.129  
0.452     8279.458  2610.415  
0.453     8333.277  2583.196  
0.454     8383.294  2562.418  
0.455     8429.741  2547.502  
0.456     8473.095  2536.324  
0.457     8513.979  2525.653  
0.458     8553.006  2511.930  
0.459     8590.623  2492.155  
0.460     8626.975  2464.669  
0.461     8661.838  2429.680  
0.462     8694.628  2389.442  
0.463     8724.505  2348.028  
0.464     8750.530  2310.699  
0.465     8771.876  2282.885  
0.466     8788.016  2268.961  
0.467     8798.884  2271.127  
0.468     8804.947  2288.756  
0.469     8807.194  2318.467  
0.470     8807.032  2354.854  
0.471     8806.105  2391.562  
0.472     8806.075  2422.367  
0.473     8808.377  2442.018  
0.474     8814.018  2446.796  
0.475     8823.415  2434.819  
0.476     8836.320  2406.174  
0.477     8851.830  2362.924  
0.478     8868.480  2309.011  
0.479     8884.404  2250.045  
0.480     8897.552  2192.890  
0.481     8905.926  2144.990  
0.482     8907.805  2113.377  
0.483     8901.947  2103.478  
0.484     8887.737  2118.027  
0.485     8865.264  2156.511  
0.486     8835.333  2215.395  
0.487     8799.405  2289.002  
0.488     8759.477  2370.656  
0.489     8717.915  2453.694  
0.490     8677.258  2532.153  
0.491     8640.018  2601.142  
0.492     8608.484  2656.958  
0.493     8584.554  2697.061  
0.494     8569.602  2719.964  
0.495     8564.397  2725.098  
0.496     8569.059  2712.687  
0.497     8583.067  2683.643  
0.498     8605.310  2639.500  
0.499     8634.162  2582.380  
0.500     8667.593  2514.968  
0.501     8703.289  2440.511  
0.502     8738.783  2362.808  
0.503     8771.584  2286.168  
0.504     8799.299  2215.289  
0.505     8819.747  2154.993  
0.506     8831.052  2109.792  
0.507     8831.719  2083.319  
0.508     8820.683  2077.794  
0.509     8797.333  2093.704  
0.510     8761.513  2129.838  
0.511     8713.504  2183.622  
0.512     8653.990  2251.606  
0.513     8584.020  2329.911  
0.514     8504.959  2414.572  
0.515     8418.425  2501.790  
0.516     8326.228  2588.150  
0.517     8230.284  2670.821  
0.518     8132.547  2747.707  
0.519     8034.933  2817.508  
0.520     7939.277  2879.642  
0.521     7847.294  2934.038  
0.522     7760.570  2980.854  
0.523     7680.539  3020.224  
0.524     7608.468  3052.118  
0.525     7545.414  3076.365  
0.526     7492.183  3092.834  
0.527     7449.282  3101.682  
0.528     7416.895  3103.568  
0.529     7394.900  3099.724  
0.530     7382.916  3091.826  
0.531     7380.392  3081.673  
0.532     7386.703  3070.769  
0.533     7401.234  3059.938  
0.534     7423.430  3049.105  
0.535     7452.795  3037.343  
0.536     7488.840  3023.180  
0.537     7531.012  3005.076  
0.538     7578.615  2981.951  
0.539     7630.758  2953.607  
0.540     7686.360  2920.948  
0.541     7744.210  2885.921  
0.542     7803.075  2851.166  
0.543     7861.844  2819.442  
0.544     7919.659  2792.953  
0.545     7976.018  2772.746  
0.546     8030.806  2758.367  
0.547     8084.256  2747.889  
0.548     8136.846  2738.287  
0.549     8189.139  2726.059  
0.550     8241.607  2707.921  
0.551     8294.472  2681.430  
0.552     8347.593  2645.460  
0.553     8400.415  2600.482  
0.554     8452.004  2548.638  
0.555     8501.144  2493.592  
0.556     8546.502  2440.139  
0.557     8586.815  2393.557  
0.558     8621.087  2358.736  
0.559     8648.747  2339.238  
0.560     8669.758  2336.514  
0.561     8684.655  2349.542  
0.562     8694.506  2375.027  
0.563     8700.795  2408.057  
0.564     8705.260  2442.979  
0.565     8709.693  2474.234  
0.566     8715.732  2497.001  
0.567     8724.674  2507.606  
0.568     8737.324  2503.741  
0.569     8753.907  2484.555  
0.570     8774.039  2450.663  
0.571     8796.761  2404.107  
0.572     8820.640  2348.273  
0.573     8843.908  2287.735  
0.574     8864.638  2227.991  
0.575     8880.930  2175.036  
0.576     8891.089  2134.747  
0.577     8893.786  2112.097  
0.578     8888.181  2110.350  
0.579     8874.002  2130.464  
0.580     8851.575  2170.951  
0.581     8821.807  2228.253  
0.582     8786.122  2297.481  
0.583     8746.358  2373.233  
0.584     8704.640  2450.256  
0.585     8663.232  2523.865  
0.586     8624.390  2590.137  
0.587     8590.218  2645.970  
0.588     8562.534  2689.080  
0.589     8542.761  2717.975  
0.590     8531.846  2731.931  
0.591     8530.219  2730.922  
0.592     8537.779  2715.524  
0.593     8553.928  2686.775  
0.594     8577.620  2646.047  
0.595     8607.433  2594.970  
0.596     8641.648  2535.453  
0.597     8678.330  2469.779  
0.598     8715.416  2400.743  
0.599     8750.810  2331.709  
0.600     8782.482  2266.509  
0.601     8808.559  2209.126  
0.602     8827.419  2163.202  
0.603     8837.746  2131.524  
0.604     8838.564  2115.678  
0.605     8829.239  2116.017  
0.606     8809.456  2131.933  
0.607     8779.190  2162.266  
0.608     8738.684  2205.620  
0.609     8688.440  2260.463  
0.610     8629.224  2325.007  
0.611     8562.072  2397.010  
0.612     8488.286  2473.680  
0.613     8409.390  2551.769  
0.614     8327.065  2627.886  
0.615     8243.044  2698.926  
0.616     8159.000  2762.497  
0.617     8076.438  2817.240  
0.618     7996.626  2862.956  
0.619     7920.574  2900.505  
0.620     7849.057  2931.516  
0.621     7782.687  2957.930  
0.622     7722.003  2981.500  
0.623     7667.546  3003.351  
0.624     7619.913  3023.712  
0.625     7579.748  3041.888  
0.626     7547.694  3056.485  
0.627     7524.289  3065.812  
0.628     7509.864  3068.359  
0.629     7504.433  3063.238  
0.630     7507.639  3050.485  
0.631     7518.749  3031.182  
0.632     7536.721  3007.354  
0.633     7560.322  2981.674  
0.634     7588.285  2957.013  
0.635     7619.472  2935.909  
0.636     7653.007  2920.082  
0.637     7688.367  2910.081  
0.638     7725.407  2905.172  
0.639     7764.315  2903.464  
0.640     7805.512  2902.249  
0.641     7849.510  2898.460  
0.642     7896.752  2889.149  
0.643     7947.462  2871.911  
0.644     8001.528  2845.226  
0.645     8058.431  2808.679  
0.646     8117.242  2763.087  
0.647     8176.673  2710.503  
0.648     8235.189  2654.086  
0.649     8291.159  2597.844  
0.650     8343.029  2546.204  
0.651     8389.494  2503.438  
0.652     8429.639  2473.001  
0.653     8463.055  2456.923  
0.654     8489.875  2455.414  
0.655     8510.772  2466.822  
0.656     8526.883  2487.941  
0.657     8539.686  2514.566  
0.658     8550.846  2542.115  
0.659     8562.046  2566.180  
0.660     8574.811  2582.947  
0.661     8590.359  2589.473  
0.662     8609.482  2583.853  
0.663     8632.476  2565.286  
0.664     8659.110  2534.064  
0.665     8688.662  2491.514  
0.666     8719.982  2439.894  
0.667     8751.597  2382.293  
0.668     8781.836  2322.519  
0.669     8808.968  2264.942  
0.670     8831.339  2214.244  
0.671     8847.506  2174.989  
0.672     8856.353  2151.029  
0.673     8857.178  2144.863  
0.674     8849.754  2157.173  
0.675     8834.335  2186.746  
0.676     8811.635  2230.830  
0.677     8782.772  2285.767  
0.678     8749.185  2347.624  
0.679     8712.551  2412.643  
0.680     8674.695  2477.426  
0.681     8637.497  2538.951  
0.682     8602.811  2594.518  
0.683     8572.359  2641.746  
0.684     8547.644  2678.659  
0.685     8529.857  2703.821  
0.686     8519.805  2716.485  
0.687     8517.869  2716.652  
0.688     8524.006  2705.015  
0.689     8537.779  2682.779  
0.690     8558.417  2651.389  
0.691     8584.887  2612.267  
0.692     8615.963  2566.621  
0.693     8650.269  2515.428  
0.694     8686.319  2459.592  
0.695     8722.532  2400.258  
0.696     8757.254  2339.180  
0.697     8788.799  2278.995  
0.698     8815.514  2223.282  
0.699     8835.861  2176.267  
0.700     8848.527  2142.183  
0.701     8852.520  2124.382  
0.702     8847.236  2124.492  
0.703     8832.491  2141.975  
0.704     8808.496  2174.280  
0.705     8775.775  2217.561  
0.706     8735.068  2267.639  
0.707     8687.209  2320.890  
0.708     8633.033  2374.822  
0.709     8573.315  2428.267  
0.710     8508.758  2481.228  
0.711     8440.032  2534.458  
0.712     8367.845  2588.909  
0.713     8293.025  2645.192  
0.714     8216.586  2703.166  
0.715     8139.765  2761.763  
0.716     8064.000  2819.064  
0.717     7990.856  2872.600  
0.718     7921.913  2919.767  
0.719     7858.613  2958.275  
0.720     7802.126  2986.529  
0.721     7753.232  3003.899  
0.722     7712.253  3010.841  
0.723     7679.057  3008.877  
0.724     7653.115  3000.409  
0.725     7633.629  2988.409  
0.726     7619.679  2975.997  
0.727     7610.393  2965.973  
0.728     7605.093  2960.384  
0.729     7603.400  2960.207  
0.730     7605.285  2965.213  
0.731     7611.054  2974.034  
0.732     7621.276  2984.426  
0.733     7636.660  2993.642  
0.734     7657.910  2998.861  
0.735     7685.572  2997.569  
0.736     7719.899  2987.864  
0.737     7760.757  2968.643  
0.738     7807.576  2939.701  
0.739     7859.356  2901.753  
0.740     7914.723  2856.398  
0.741     7972.032  2806.031  
0.742     8029.501  2753.687  
0.743     8085.354  2702.787  
0.744     8137.980  2656.802  
0.745     8186.062  2618.841  
0.746     8228.688  2591.243  
0.747     8265.415  2575.248  
0.748     8296.291  2570.851  
0.749     8321.835  2576.838  
0.750     8342.973  2590.998  
0.751     8360.946  2610.413  
0.752     8377.193  2631.767  
0.753     8393.223  2651.640  
0.754     8410.477  2666.789  
0.755     8430.192  2674.407  
0.756     8453.293  2672.367  
0.757     8480.299  2659.401  
0.758     8511.282  2635.184  
0.759     8545.865  2600.290  
0.760     8583.263  2556.057  
0.761     8622.355  2504.401  
0.762     8661.774  2447.664  
0.763     8699.998  2388.530  
0.764     8735.450  2330.036  
0.765     8766.587  2275.598  
0.766     8791.993  2228.949  
0.767     8810.474  2193.869  
0.768     8821.148  2173.677  
0.769     8823.524  2170.569  
0.770     8817.551  2185.058  
0.771     8803.640  2215.751  
0.772     8782.630  2259.619  
0.773     8755.723  2312.639  
0.774     8724.383  2370.577  
0.775     8690.226  2429.647  
0.776     8654.919  2486.892  
0.777     8620.098  2540.271  
0.778     8587.311  2588.491  
0.779     8557.987  2630.702  
0.780     8533.412  2666.172  
0.781     8514.707  2694.039  
0.782     8502.794  2713.211  
0.783     8498.346  2722.441  
0.784     8501.725  2720.538  
0.785     8512.922  2706.666  
0.786     8531.518  2680.645  
0.787     8556.678  2643.193  
0.788     8587.188  2596.029  
0.789     8621.543  2541.807  
0.790     8658.068  2483.873  
0.791     8695.054  2425.837  
0.792     8730.892  2371.053  
0.793     8764.176  2322.110  
0.794     8793.759  2280.469  
0.795     8818.759  2246.397  
0.796     8838.516  2219.212  
0.797     8852.521  2197.795  
0.798     8860.332  2181.198  
0.799     8861.510  2169.171  
0.800     8855.581  2162.457  
